# Sample generated by Stan
# stan_version_major=2
# stan_version_minor=19
# stan_version_patch=1
# init=random
# enable_random_init=0
# seed=1352370683
# chain_id=0
# iter=1000
# warmup=500
# save_warmup=1
# thin=1
# refresh=100
# stepsize=1
# stepsize_jitter=0
# adapt_engaged=1
# adapt_gamma=0.05
# adapt_delta=0.8
# adapt_kappa=0.75
# adapt_t0=10
# max_treedepth=10
# sampler_t=NUTS(diag_e)
# sample_file=result/calcium-model-100-root-5106-const-Be-eta1/cell-5087/chain_0.csv
# append_samples=0
#
lp__,accept_stat__,stepsize__,treedepth__,n_leapfrog__,divergent__,energy__,sigma,theta.1,theta.2,theta.3,theta.4,theta.5,theta.6,theta.7,theta.8,theta.9,theta.10,theta.11,theta.12,theta.13,theta.14,theta.15,theta.16
-2.89133e+06,1,0.000244141,2,3,0,1.11932e+07,0.152561,4.32018,0.541116,0.579798,3.49863,2.7979,0.917191,0.289873,0.385902,2.85433,0.226359,0.264666,0.398038,0.232543,0.538142,0.514082,0.497042
-2.89133e+06,0,14.3855,0,1,1,2.89135e+06,0.152561,4.32018,0.541116,0.579798,3.49863,2.7979,0.917191,0.289873,0.385902,2.85433,0.226359,0.264666,0.398038,0.232543,0.538142,0.514082,0.497042
-2.89133e+06,0,2.43117,0,1,1,2.89134e+06,0.152561,4.32018,0.541116,0.579798,3.49863,2.7979,0.917191,0.289873,0.385902,2.85433,0.226359,0.264666,0.398038,0.232543,0.538142,0.514082,0.497042
-2.89133e+06,0,0.239791,0,1,1,2.89134e+06,0.152561,4.32018,0.541116,0.579798,3.49863,2.7979,0.917191,0.289873,0.385902,2.85433,0.226359,0.264666,0.398038,0.232543,0.538142,0.514082,0.497042
-2.89133e+06,0,0.0186273,0,1,1,2.89135e+06,0.152561,4.32018,0.541116,0.579798,3.49863,2.7979,0.917191,0.289873,0.385902,2.85433,0.226359,0.264666,0.398038,0.232543,0.538142,0.514082,0.497042
-2.89133e+06,0,0.00130482,0,1,1,2.89134e+06,0.152561,4.32018,0.541116,0.579798,3.49863,2.7979,0.917191,0.289873,0.385902,2.85433,0.226359,0.264666,0.398038,0.232543,0.538142,0.514082,0.497042
-2.78438e+06,1,8.85015e-05,1,1,0,2.88921e+06,0.152567,4.31229,0.541127,0.579898,3.49833,2.79793,0.917196,0.289803,0.385844,2.7962,0.226363,0.26469,0.398029,0.232578,0.53808,0.514028,0.497047
-1.43343e+06,1,0.000135987,3,7,0,2.74914e+06,0.152837,4.15521,0.541271,0.579749,3.49813,2.79714,0.916974,0.289278,0.385817,1.92032,0.226433,0.264622,0.397945,0.232554,0.537889,0.514121,0.497039
-969243,1,0.000228818,2,3,0,1.41384e+06,0.153251,3.97714,0.541214,0.579464,3.49743,2.79733,0.91673,0.288047,0.385782,1.51853,0.226454,0.264519,0.397614,0.232495,0.537524,0.514245,0.496889
-488847,1,0.000408639,2,3,0,939696,0.154273,3.51007,0.540576,0.578718,3.49242,2.79641,0.916551,0.284652,0.385447,0.975713,0.226733,0.264447,0.397183,0.232293,0.535348,0.514668,0.496715
-373915,1,0.000758439,1,1,0,474265,0.155123,3.21892,0.539932,0.577921,3.49352,2.79431,0.915837,0.281961,0.38571,0.81924,0.226795,0.264153,0.397189,0.232114,0.53329,0.515162,0.496732
-192799,1,0.00144197,2,3,0,332170,0.15787,2.4791,0.538087,0.576397,3.49383,2.79344,0.915835,0.272819,0.38562,0.522448,0.226172,0.264555,0.396073,0.232672,0.526803,0.515731,0.496721
-72149.2,1,0.00278004,1,1,0,160358,0.168383,1.39774,0.533113,0.571989,3.48152,2.77914,0.915707,0.242982,0.383372,0.264974,0.227001,0.265588,0.392411,0.231783,0.504328,0.517821,0.498574
-28454.7,1,0.00539629,6,63,0,60844.5,0.209259,0.696252,0.525583,0.55886,3.45728,2.70996,0.901262,0.174185,0.38405,0.138453,0.226924,0.264935,0.384201,0.231941,0.434113,0.526048,0.498986
-10352.8,1,0.0104922,1,1,0,23537.4,0.348579,0.364336,0.485218,0.5124,3.39051,2.43082,0.85664,0.0914496,0.386201,0.0728998,0.232568,0.258828,0.367099,0.232452,0.296643,0.532298,0.495635
-3572.55,1,0.0203599,1,1,0,8476.36,0.658242,0.188173,0.368052,0.372161,3.43254,1.70663,0.710958,0.0475496,0.379333,0.0377986,0.234428,0.26399,0.336479,0.224162,0.164411,0.557983,0.482551
-1207.49,1,0.0393257,1,1,0,2902.77,1.22389,0.102565,0.204308,0.198682,3.2984,0.974021,0.450114,0.0244768,0.370802,0.0189712,0.234754,0.252785,0.284392,0.211655,0.100889,0.622767,0.388394
-529.581,0.666667,0.0754671,1,3,1,1027.38,1.62265,0.0519204,0.110244,0.0994719,3.89701,0.484476,0.262082,0.0124383,0.357072,0.00988491,0.240538,0.279217,0.20524,0.220838,0.0894197,0.778778,0.201432
-165.874,0.54662,0.0523288,2,4,1,505.254,1.36263,0.0329111,0.0713864,0.0751479,4.71632,0.196004,0.134789,0.00710184,0.448975,0.00622066,0.307663,0.375633,0.162779,0.251679,0.0811623,3.0351,0.107006
-68.3991,0.516504,0.0254829,4,23,1,158.425,0.464916,0.0255456,0.0717499,0.060672,5.81199,0.175705,0.133754,0.00550592,0.479381,0.00506901,0.301476,0.40271,0.182532,0.249165,0.0804228,3.01926,0.0796312
-60.9461,0.998736,0.0114947,5,31,0,74.5684,0.556854,0.0257356,0.0499456,0.0509322,6.37656,0.195506,0.111451,0.00572651,0.529421,0.00439405,0.312528,0.361475,0.173644,0.262329,0.0764519,2.91416,0.0784068
61.4668,0.869135,0.02189,5,46,1,69.5252,0.357609,0.00571445,0.0415362,0.0402381,4.01614,0.21101,0.0937735,0.00223204,0.858211,0.00143693,1.28463,0.155411,0.158822,0.25627,0.0865952,3.60116,0.0283614
61.4668,5.05851e-110,0.0282323,1,2,1,-49.1355,0.357609,0.00571445,0.0415362,0.0402381,4.01614,0.21101,0.0937735,0.00223204,0.858211,0.00143693,1.28463,0.155411,0.158822,0.25627,0.0865952,3.60116,0.0283614
66.8021,0.996743,0.00290132,6,63,0,-55.3937,0.355931,0.00566344,0.0413561,0.0396437,3.9805,0.212453,0.0918792,0.00225702,0.853127,0.00144366,1.30479,0.158859,0.157591,0.250773,0.0867055,3.5859,0.0274863
74.7563,0.865259,0.00548305,4,31,1,-60.2145,0.355561,0.00544551,0.0420525,0.0380357,3.91583,0.207518,0.0934846,0.00218556,0.842475,0.00142715,1.3164,0.161046,0.161176,0.238435,0.0885774,3.71467,0.0280991
137.462,0.744583,0.00704444,4,31,1,-64.9587,0.261787,0.00427246,0.0383462,0.0293902,3.52966,0.226632,0.0896111,0.00221055,0.765292,0.00154226,1.44411,0.166517,0.125054,0.217487,0.0812922,4.2661,0.0271665
184.67,0.652982,0.00640528,4,31,1,-128.15,0.200382,0.00470365,0.0413468,0.0369721,3.89536,0.203571,0.0876625,0.00219793,0.74871,0.00169618,1.42949,0.162893,0.128097,0.237956,0.084483,4.07856,0.030965
213.445,0.763017,0.00451152,4,26,1,-169.255,0.165184,0.00446009,0.0371543,0.0389508,3.58495,0.200136,0.0849956,0.00214371,0.787246,0.00169854,1.30698,0.159239,0.113284,0.240322,0.0763785,4.09018,0.0296693
215.435,0.679182,0.00434368,4,29,1,-205.97,0.162949,0.00457862,0.0387387,0.0386428,3.69352,0.203707,0.0853499,0.00216823,0.776074,0.0016681,1.33338,0.154026,0.113513,0.238656,0.0778757,4.11721,0.0296767
232.907,0.436277,0.0033203,5,60,1,-206.018,0.140053,0.00454943,0.0373964,0.0399639,3.50923,0.193289,0.0911768,0.00237084,0.793338,0.00173334,1.33798,0.148441,0.11705,0.225615,0.076295,4.19182,0.0292609
247.391,0.915374,0.00131089,6,124,1,-220.143,0.123298,0.00461365,0.0369985,0.0451313,3.34713,0.176389,0.084883,0.00251699,0.779466,0.00176583,1.37593,0.163626,0.111068,0.226978,0.0785037,4.36589,0.0289019
255.179,0.842176,0.00193078,6,124,1,-239.857,0.110113,0.00475913,0.0367171,0.0469901,3.617,0.197233,0.0847285,0.00251394,0.818126,0.00186634,1.39785,0.167012,0.110747,0.224392,0.0790466,4.4612,0.0279314
265.345,0.710344,0.00232003,5,42,1,-245.316,0.106551,0.00492635,0.0383005,0.0492421,3.56021,0.200535,0.086654,0.00255732,0.838947,0.00187502,1.32995,0.168773,0.10417,0.215723,0.0750261,4.57852,0.029091
271.474,0.959065,0.00195406,6,63,0,-260.058,0.097088,0.00478926,0.0398478,0.0486503,3.6389,0.198343,0.0845163,0.00269134,0.823538,0.0018872,1.31155,0.160726,0.106886,0.210705,0.076098,4.62039,0.0294436
272.674,0.339348,0.00319021,3,11,1,-260.571,0.095197,0.00471657,0.0396299,0.04922,3.63866,0.196038,0.0850134,0.00267235,0.834409,0.00188275,1.29961,0.16105,0.107304,0.206976,0.0759305,4.67367,0.0299396
317.543,0.933019,0.00101292,9,894,1,-265.507,0.0708587,0.00598552,0.0519984,0.0479576,3.9632,0.11352,0.103447,0.00389158,0.663323,0.00804705,2.31776,0.200213,0.0790743,0.224303,0.0719294,5.1637,0.0289209
327.766,0.961344,0.00154058,6,63,0,-311.991,0.0679956,0.0059544,0.0515576,0.0458736,3.73595,0.114767,0.103493,0.00377805,0.699694,0.00782521,2.23548,0.196591,0.0835676,0.223444,0.0706255,4.94078,0.0278239
326.558,0.0835322,0.00250439,2,4,1,-321.92,0.068067,0.00596739,0.0514761,0.0458457,3.73881,0.114852,0.103805,0.00377958,0.698805,0.00782572,2.2345,0.196376,0.0835924,0.223249,0.0706497,4.93545,0.0279577
345.445,0.985035,0.000423823,10,1023,0,-319.786,0.0404917,0.00520863,0.049547,0.0503295,4.78769,0.104598,0.0944075,0.0044553,0.983651,0.0113537,2.5004,0.263905,0.109304,0.187012,0.0775704,4.9827,0.0288377
349.055,0.999336,0.000733269,9,511,0,-339.299,0.0450705,0.00510964,0.0547736,0.0435671,5.89287,0.105366,0.103374,0.00395881,0.921017,0.00743107,3.00785,0.323891,0.11405,0.162909,0.0719124,5.04765,0.0346755
349.055,0.00188485,0.00130421,2,5,1,-342.162,0.0450705,0.00510964,0.0547736,0.0435671,5.89287,0.105366,0.103374,0.00395881,0.921017,0.00743107,3.00785,0.323891,0.11405,0.162909,0.0719124,5.04765,0.0346755
349.692,0.996035,0.000187862,10,1023,0,-343.219,0.044732,0.00524087,0.0543809,0.0433185,5.88232,0.108133,0.107106,0.00393903,0.904424,0.00745752,3.07068,0.324417,0.110915,0.16477,0.0726247,5.14752,0.0345586
358.85,0.999393,0.000331704,10,1023,0,-340.02,0.0482373,0.00601295,0.0476604,0.0659333,5.13735,0.0844114,0.0778389,0.00392971,0.897799,0.00952909,3.15008,0.654206,0.10416,0.193276,0.0741962,4.88193,0.0275044
371.246,0.741531,0.00058551,10,1023,0,-352.601,0.0378145,0.00931671,0.0710272,0.0481418,5.51879,0.124541,0.130058,0.00467861,0.693414,0.00868209,1.20102,3.61779,0.118003,0.155619,0.0673797,4.87823,0.0212259
378.661,0.975917,0.000543881,9,511,0,-363.88,0.0455871,0.00827615,0.0693587,0.0494511,4.88142,0.11519,0.119673,0.00454405,0.825888,0.00839806,1.24113,2.91394,0.118614,0.154137,0.0667389,4.88094,0.0210879
376.868,0.146371,0.000895558,2,5,1,-370.866,0.045563,0.00826585,0.0693865,0.049446,4.88048,0.115174,0.119594,0.00455119,0.825115,0.00839734,1.24004,2.91738,0.118697,0.154072,0.066728,4.88584,0.0210731
379.077,0.989521,0.000196266,10,1023,0,-365.483,0.0435656,0.00874381,0.069233,0.04845,4.66832,0.115215,0.121791,0.00503335,0.862147,0.00718558,1.3145,2.94606,0.116331,0.147327,0.0620031,4.84374,0.0190952
384.569,0.978776,0.00033375,10,1023,0,-373.833,0.0392988,0.00825818,0.0600675,0.0635016,3.99739,0.0994271,0.098948,0.00511713,1.05224,0.00835302,1.53129,2.17522,0.106016,0.166531,0.067951,5.05493,0.015599
382.15,0.973282,0.000548955,10,1023,0,-375.428,0.0378022,0.00780676,0.0562023,0.0585274,4.97877,0.121231,0.148603,0.00369843,0.903871,0.00828028,1.00312,2.91158,0.110884,0.15788,0.0665848,5.02351,0.0130491
382.15,1.11101e-39,0.000884946,1,2,1,-370.917,0.0378022,0.00780676,0.0562023,0.0585274,4.97877,0.121231,0.148603,0.00369843,0.903871,0.00828028,1.00312,2.91158,0.110884,0.15788,0.0665848,5.02351,0.0130491
378.363,0.984759,0.000142919,10,1023,0,-371.648,0.0391403,0.00794485,0.0562905,0.0518607,4.87674,0.119486,0.170171,0.00365964,0.842476,0.00874447,1.02445,2.89686,0.112648,0.163405,0.0675111,4.89371,0.0142591
384.589,0.998187,0.000237123,10,1023,0,-372.396,0.0425248,0.00807889,0.0562614,0.0560674,4.52561,0.1407,0.134935,0.00402038,0.828124,0.00780072,1.18653,2.33358,0.118294,0.144877,0.0660339,5.06466,0.0191509
384.602,0.92526,0.000403081,10,1023,0,-379.601,0.0400078,0.00877756,0.0564044,0.0540959,4.02284,0.143713,0.12976,0.00379624,0.784359,0.00789976,1.21549,2.33322,0.118647,0.151996,0.0633464,4.73533,0.0201552
383.421,0.347633,0.000574761,10,1023,0,-378.237,0.0406057,0.00900046,0.0508429,0.068313,3.77602,0.129538,0.118196,0.00473686,0.900267,0.00852828,1.26137,2.35404,0.11131,0.157522,0.0706803,5.24349,0.0166402
382.187,0.982112,0.00021647,10,1023,0,-372.828,0.04257,0.00933343,0.0505255,0.0664495,3.74508,0.129338,0.123927,0.00437419,0.926863,0.00843314,1.3111,2.48966,0.114108,0.158944,0.0723616,5.20693,0.0168767
377.652,0.703438,0.000350999,10,1023,0,-365.733,0.0403756,0.00708322,0.0738082,0.0441231,5.02277,0.180477,0.126877,0.00364832,0.809347,0.00951825,0.876225,2.02913,0.125731,0.139564,0.0691891,5.13579,0.0252384
383.832,0.999804,0.000300608,10,1023,0,-369.575,0.0413512,0.00643233,0.0628223,0.0631312,8.62893,0.167659,0.109343,0.0029431,1.03939,0.00806135,0.958027,2.71582,0.109863,0.158181,0.0656205,4.95932,0.0278633
381.331,0.982439,0.000502871,10,1023,0,-373.784,0.0418402,0.00527245,0.0632459,0.0674676,9.83514,0.143942,0.104646,0.00220382,1.21014,0.0084259,0.805391,2.7882,0.110231,0.163112,0.0666774,4.91023,0.0267473
381.331,0.0389816,0.000803814,1,3,0,-369.368,0.0418402,0.00527245,0.0632459,0.0674676,9.83514,0.143942,0.104646,0.00220382,1.21014,0.0084259,0.805391,2.7882,0.110231,0.163112,0.0666774,4.91023,0.0267473
383.873,0.999311,0.00015632,10,1023,0,-376.389,0.0389864,0.00480263,0.0603771,0.0609106,9.27049,0.128238,0.125232,0.00218132,1.06516,0.00746366,0.849638,2.51837,0.117704,0.143942,0.0643997,5.00083,0.0282357
383.427,0.999244,0.000259575,10,1023,0,-376.137,0.0414932,0.00499301,0.0569464,0.0634054,5.49973,0.103623,0.120149,0.00186977,0.8379,0.00880202,0.715568,2.39918,0.127395,0.139511,0.0635741,4.79055,0.0201136
379.346,0.958141,0.000428257,10,1023,0,-373.993,0.0363656,0.0050531,0.0532154,0.0636695,4.79615,0.110312,0.109224,0.00250634,1.05284,0.00800665,0.874188,1.82531,0.140968,0.124685,0.0625032,4.79951,0.0145685
381.656,0.307146,0.000641842,10,1023,0,-372.397,0.0391797,0.00502382,0.0509342,0.0639674,5.7241,0.0909945,0.119039,0.00264418,1.00202,0.00960053,1.14452,1.783,0.120938,0.15363,0.0664331,4.82435,0.0128656
384.703,0.999357,0.000232375,10,1023,0,-371.336,0.0409865,0.00490414,0.0546462,0.0591228,6.87384,0.11319,0.117736,0.00303972,1.07653,0.00780012,1.06734,1.83502,0.115573,0.15427,0.0653674,4.87993,0.0157992
384.33,0.881727,0.000380076,10,1023,0,-374.906,0.037907,0.00640132,0.0604516,0.0561408,6.95063,0.170419,0.0998096,0.00396128,0.751344,0.00902989,1.28575,1.7022,0.118123,0.154198,0.0667321,4.87428,0.0182572
381.458,0.981319,0.000479927,10,1023,0,-377.204,0.0386403,0.00860081,0.0522207,0.0570576,7.36462,0.160515,0.122923,0.00651139,0.837363,0.00758781,1.89315,2.21297,0.0907459,0.200405,0.0722238,5.16489,0.0119716
383.102,0.237486,0.000747642,2,6,1,-374.589,0.0386414,0.00858899,0.052209,0.0570657,7.36509,0.160431,0.123022,0.00650344,0.83789,0.00759499,1.89189,2.21442,0.0906586,0.200543,0.0722051,5.16668,0.0119623
383.347,0.957084,0.000238316,10,1023,0,-376.525,0.0415198,0.00876328,0.0534547,0.056912,8.4247,0.181046,0.110825,0.00660237,0.844381,0.00769982,1.90206,2.52694,0.10591,0.17406,0.0664388,4.8339,0.0118068
385.105,0.916177,0.000352158,10,1023,0,-373.02,0.0381156,0.00697071,0.0569656,0.0558544,10.8709,0.185094,0.108483,0.0041389,0.58878,0.00792853,2.22217,1.733,0.119085,0.147448,0.0651193,4.91518,0.016988
381.731,0.857409,0.000475335,10,1023,0,-377.086,0.0396972,0.00833255,0.0542609,0.0570096,12.0266,0.213522,0.11043,0.0045128,0.678732,0.0089109,2.67493,2.17433,0.146633,0.121667,0.0603945,4.66404,0.0154014
380.04,0.896177,0.000565411,10,1023,0,-376.217,0.0385898,0.00835094,0.0506882,0.0706253,12.1675,0.233059,0.103713,0.00471796,0.753997,0.0070029,2.3762,2.30504,0.140252,0.11924,0.0680642,5.29339,0.0185985
380.117,0.210793,0.000727523,2,5,0,-366.185,0.0386457,0.0083503,0.050653,0.0704992,12.1832,0.233325,0.104012,0.00471823,0.752724,0.00701503,2.38469,2.30581,0.140807,0.119386,0.068031,5.29787,0.0185901
380.913,0.993323,0.000225966,10,1023,0,-369.069,0.0403788,0.00815362,0.0481346,0.0714528,12.1466,0.224799,0.100528,0.00483182,0.854312,0.00790737,2.18014,2.38814,0.141883,0.122104,0.0609782,4.76693,0.0189988
382.51,0.871765,0.000355719,10,1023,0,-374.278,0.0420963,0.00759304,0.0691987,0.0452479,12.9917,0.154942,0.127026,0.00370111,0.77185,0.00877988,2.53293,2.4662,0.12755,0.140203,0.0614813,4.67016,0.013938
386.538,0.711187,0.00043441,10,1023,0,-372.378,0.0368813,0.00919714,0.0636391,0.0517534,12.8357,0.187472,0.127312,0.00408739,0.990121,0.00855593,3.34039,2.40257,0.138175,0.125876,0.0660617,5.04122,0.0127324
386.419,0.999155,0.000381586,10,1023,0,-381.414,0.0400576,0.00964157,0.0591578,0.0520594,13.3756,0.181742,0.138376,0.00404651,1.01305,0.00875619,3.54669,2.57109,0.134657,0.1304,0.0620115,4.77178,0.0146298
387.705,0.804004,0.000601597,8,355,1,-379.765,0.0398528,0.00976346,0.05944,0.052022,13.2487,0.180861,0.135157,0.00413087,1.06709,0.00848277,3.71315,2.53705,0.131442,0.135042,0.0632046,4.80384,0.014714
386.192,0.172233,0.00063675,10,1023,0,-379.752,0.0399107,0.00982834,0.0661458,0.0475043,13.0352,0.200478,0.134514,0.00396476,1.12382,0.00829898,3.53005,2.4402,0.134356,0.13192,0.0656584,4.949,0.0179455
383.951,0.984786,0.000189479,10,1023,0,-370.213,0.0413565,0.00966394,0.0713705,0.0477588,11.7739,0.223441,0.119675,0.00404564,0.999057,0.00848542,2.98137,2.29538,0.140599,0.123056,0.0668643,5.10332,0.0160361
384.671,0.698852,0.000289118,10,1023,0,-368.419,0.040034,0.0090582,0.0598296,0.0629745,8.71991,0.205274,0.0969053,0.00422638,1.1956,0.008373,2.46879,1.97291,0.134691,0.128916,0.0660437,5.02761,0.0177948
385.438,0.999445,0.000248816,10,1023,0,-376.615,0.0364846,0.00929732,0.0617277,0.0646325,9.71596,0.190284,0.0912381,0.00434444,1.09297,0.00823528,2.40345,2.45543,0.127618,0.13786,0.0625249,4.78965,0.0152026
379.768,0.947463,0.000388538,10,1023,0,-372.566,0.0408867,0.00710353,0.0599988,0.052412,10.7959,0.221077,0.122177,0.00448027,0.951996,0.00726934,1.94527,2.1094,0.165096,0.102452,0.068594,5.32824,0.0160645
385.834,0.986174,0.000545254,10,1023,0,-374.115,0.0376647,0.00759722,0.0571014,0.0553406,10.8093,0.208132,0.121034,0.00379125,0.825572,0.00780181,1.77775,2.38144,0.132699,0.132665,0.0605962,4.68867,0.0135494
385.336,0.390809,0.00082265,3,9,1,-374.863,0.0376513,0.00759712,0.0573348,0.0555048,10.8362,0.207884,0.12059,0.00380983,0.825414,0.00777347,1.77997,2.38729,0.132399,0.132387,0.0603438,4.69559,0.013558
386.843,0.990829,0.000387132,10,1023,0,-381.397,0.0381754,0.0059575,0.0611276,0.0591919,13.3993,0.176836,0.105243,0.00368546,0.760948,0.00760135,1.57139,2.55101,0.145487,0.119873,0.0631539,4.90034,0.0115431
380.469,0.174926,0.000587829,10,1023,0,-374.934,0.0371946,0.00586973,0.0605939,0.0603081,13.7079,0.182691,0.103626,0.00370962,0.713589,0.00748846,1.62365,2.33236,0.142975,0.117277,0.062264,4.95296,0.0118066
382.828,0.969543,0.000183777,10,1023,0,-370.152,0.0404243,0.00555329,0.0628085,0.0573372,13.8208,0.172883,0.107768,0.00358798,0.776958,0.00789947,1.66589,2.21598,0.140838,0.124527,0.0704807,5.26954,0.0125349
383.825,0.993733,0.000267639,10,1023,0,-369.973,0.0377882,0.00554604,0.0681535,0.0551651,12.275,0.116784,0.111609,0.00241063,1.01962,0.00877419,1.64524,2.62159,0.141192,0.123378,0.0597438,4.67505,0.015233
383.764,0.991277,0.000406769,10,1023,0,-378.113,0.0381758,0.00640294,0.0523059,0.0675915,13.2362,0.132702,0.126615,0.00217513,1.0412,0.00762553,1.91407,2.45423,0.0958115,0.191072,0.0665753,4.84245,0.0132999
383.764,0.00655862,0.000612905,4,18,1,-376.665,0.0381758,0.00640294,0.0523059,0.0675915,13.2362,0.132702,0.126615,0.00217513,1.0412,0.00762553,1.91407,2.45423,0.0958115,0.191072,0.0665753,4.84245,0.0132999
385.382,0.993044,0.000142019,10,1023,0,-379.295,0.0404613,0.00633353,0.0545283,0.067059,14.0584,0.136835,0.130327,0.00199535,1.0261,0.00765021,1.90177,2.43969,0.0983014,0.179397,0.0657617,4.93718,0.0136727
383.013,0.995727,0.000214843,10,1023,0,-378.328,0.0437829,0.00646993,0.058228,0.0610517,11.9746,0.145915,0.126636,0.0021674,1.21876,0.0071584,1.98092,2.11678,0.101273,0.168702,0.0666059,5.09694,0.0138283
380.429,0.989546,0.000325405,10,1023,0,-371.276,0.0426177,0.00596354,0.064178,0.0527497,12.2392,0.146993,0.128036,0.00237408,1.41525,0.00573231,1.75686,2.10118,0.0952954,0.180029,0.0648985,4.99274,0.014972
386.239,0.845613,0.000485347,10,1023,0,-373.419,0.0412298,0.00701939,0.0533934,0.068299,11.4597,0.163164,0.11835,0.00346471,1.09821,0.0069585,1.67733,2.68414,0.114045,0.154349,0.067336,5.05179,0.0134774
384.278,0.990981,0.000551517,10,1023,0,-378.36,0.0392254,0.007935,0.0684505,0.049798,12.3985,0.198299,0.107789,0.00514075,0.972291,0.00938664,2.41469,2.21281,0.122656,0.147819,0.0696892,5.07466,0.0147098
384.278,7.9532e-13,0.000819831,1,3,1,-372.166,0.0392254,0.007935,0.0684505,0.049798,12.3985,0.198299,0.107789,0.00514075,0.972291,0.00938664,2.41469,2.21281,0.122656,0.147819,0.0696892,5.07466,0.0147098
383.506,0.941513,0.000194416,10,1023,0,-373.531,0.0365484,0.00784584,0.0647105,0.0500173,11.1222,0.190116,0.106276,0.00530931,0.959964,0.00849809,2.38192,2.06521,0.118647,0.148613,0.0638392,4.84693,0.0152224
384.431,0.917239,0.000264031,10,1023,0,-374.812,0.0421941,0.00646486,0.0563736,0.0551901,8.98207,0.126867,0.113332,0.00494007,0.797639,0.00763716,2.28342,1.77202,0.113766,0.15074,0.0667376,5.10723,0.0143803
380.659,0.961435,0.000342033,10,1023,0,-375.877,0.0415671,0.00652492,0.0546441,0.053999,8.44519,0.134106,0.113404,0.00505361,0.723776,0.00806365,2.33296,1.57037,0.119424,0.14409,0.065695,5.03045,0.0121433
382.069,0.977474,0.000479202,10,1023,0,-374.284,0.0371632,0.00736981,0.0502108,0.0674644,8.60832,0.161914,0.106947,0.00539104,0.797321,0.00822277,1.86447,2.02908,0.109213,0.161745,0.0704999,5.22172,0.012416
381.791,0.197043,0.00551382,2,5,1,-377.17,0.0371523,0.00737596,0.050218,0.0674114,8.61566,0.161908,0.106994,0.00539651,0.798117,0.00822489,1.86291,2.02878,0.109258,0.16185,0.0705217,5.22182,0.0124166
381.791,0,0.0184222,0,1,1,-373.947,0.0371523,0.00737596,0.050218,0.0674114,8.61566,0.161908,0.106994,0.00539651,0.798117,0.00822489,1.86291,2.02878,0.109258,0.16185,0.0705217,5.22182,0.0124166
382.932,0.980678,0.00201988,10,1023,0,-369.671,0.0388059,0.00694427,0.0486006,0.0662938,9.25809,0.14885,0.103282,0.00610797,0.603147,0.00721259,1.91715,2.30758,0.126013,0.141984,0.0695642,5.13534,0.013994
383.057,0.944176,0.00212303,10,1023,0,-371.589,0.0396033,0.00558994,0.0456636,0.066177,7.25506,0.102691,0.106034,0.00424981,0.521056,0.00752217,1.90354,1.66895,0.12836,0.137321,0.0645796,4.90473,0.014526
377.587,0.965466,0.00253336,10,1023,0,-370.443,0.0430563,0.00612928,0.049517,0.0589348,5.41154,0.113974,0.0967828,0.00624828,0.464546,0.00687593,1.87026,1.46427,0.142939,0.117216,0.0645364,5.09455,0.0175198
377.213,0.925157,0.00362873,10,1023,0,-366.575,0.0369219,0.00728035,0.0579358,0.059696,5.84351,0.133586,0.114042,0.00382431,0.533312,0.00646398,1.61893,1.94017,0.11297,0.145791,0.0701995,5.45512,0.0182651
377.213,0.000124223,0.00494652,1,3,0,-368.136,0.0369219,0.00728035,0.0579358,0.059696,5.84351,0.133586,0.114042,0.00382431,0.533312,0.00646398,1.61893,1.94017,0.11297,0.145791,0.0701995,5.45512,0.0182651
376.87,0.99994,0.000394143,10,1023,0,-364.438,0.0364083,0.00748879,0.0579329,0.0602379,6.01548,0.128514,0.114663,0.00383782,0.566372,0.00658637,1.76965,1.99441,0.111725,0.146429,0.069668,5.44839,0.018308
379.72,0.996037,0.000704416,10,1023,0,-370.654,0.0363027,0.0069953,0.0573259,0.0586609,6.1071,0.123046,0.114844,0.00339871,0.535065,0.00678229,1.78541,1.86549,0.11588,0.148726,0.0710966,5.32789,0.0183054
381.489,0.999582,0.00128094,10,1023,0,-373.328,0.0361158,0.0070422,0.0605666,0.0564797,6.51057,0.118373,0.114594,0.00332498,0.531163,0.00702401,1.94917,1.87121,0.114301,0.151163,0.0700019,5.27958,0.0174507
385.791,0.798543,0.00239529,10,1023,0,-372.337,0.0402866,0.00742605,0.0516363,0.0712396,6.6917,0.0917745,0.108325,0.00263603,0.718034,0.00840372,2.46231,1.98201,0.106971,0.169423,0.0693032,5.0431,0.0160234
386.465,0.982321,0.00239279,10,1023,0,-380.23,0.0395752,0.00787103,0.0531046,0.0666923,5.88237,0.0875405,0.118374,0.00263763,0.699244,0.00896225,2.55838,1.88317,0.105129,0.171551,0.0695755,5.06569,0.0164688
386.807,0.995044,0.00428905,10,1023,0,-377.993,0.0406641,0.00708772,0.0675835,0.0546418,19.2998,0.107357,0.114531,0.00327223,0.574331,0.00818168,4.21322,2.56958,0.108056,0.160938,0.0651008,4.94904,0.0159419
386.807,0.00639581,0.00799541,1,3,0,-379.74,0.0406641,0.00708772,0.0675835,0.0546418,19.2998,0.107357,0.114531,0.00327223,0.574331,0.00818168,4.21322,2.56958,0.108056,0.160938,0.0651008,4.94904,0.0159419
388.965,0.997894,0.000680433,10,1023,0,-381.183,0.0419836,0.00756685,0.0632836,0.0554178,18.1024,0.119799,0.116818,0.00352703,0.617457,0.00841481,4.32429,2.46136,0.11124,0.163052,0.0664785,4.88723,0.0161967
388.331,0.999945,0.00129154,10,1023,0,-382.668,0.0400484,0.00755805,0.0677002,0.0525351,19.8473,0.136372,0.125314,0.00236694,0.697003,0.00849078,4.1875,2.38782,0.111495,0.159696,0.0662386,4.93143,0.0159612
384.059,0.915041,0.00245238,10,1023,0,-378.002,0.0411065,0.00750315,0.0697933,0.0480199,19.34,0.14515,0.130417,0.00367756,0.728635,0.00777592,3.63052,2.53246,0.111768,0.159208,0.0680033,5.03587,0.0193266
382.661,0.612987,0.00356601,10,1023,0,-376.178,0.0422629,0.00813241,0.0501761,0.0717342,14.4667,0.164223,0.113975,0.00308831,0.526302,0.00887258,2.85611,2.60509,0.123312,0.144466,0.0652835,4.89385,0.0200848
384.015,0.987106,0.00206671,10,1023,0,-378.817,0.0432981,0.0077305,0.0527803,0.0670102,15.9426,0.179278,0.1134,0.00376507,0.473116,0.00820628,2.5755,2.55485,0.113636,0.157239,0.0655963,4.87385,0.0191424
384.52,0.993933,0.00372393,10,1023,0,-374.474,0.0386299,0.00751602,0.0620459,0.057299,8.36563,0.0819897,0.113834,0.00333167,0.718539,0.00864336,3.34494,2.01181,0.0939908,0.193585,0.0721417,5.17982,0.0111297
384.52,0.0517552,0.00678782,1,3,1,-377.315,0.0386299,0.00751602,0.0620459,0.057299,8.36563,0.0819897,0.113834,0.00333167,0.718539,0.00864336,3.34494,2.01181,0.0939908,0.193585,0.0721417,5.17982,0.0111297
385.418,0.992503,0.000756127,10,1023,0,-376.354,0.0379518,0.00730989,0.0598616,0.0595302,8.15123,0.0791291,0.117263,0.0035426,0.823107,0.00886409,2.91051,2.12091,0.0927889,0.202664,0.0731039,5.09739,0.0114354
387.199,0.999975,0.00137856,10,1023,0,-380.116,0.0394514,0.00684545,0.0607502,0.0593306,8.14814,0.0718993,0.1172,0.00323778,0.794953,0.00872449,2.71734,2.17541,0.0902741,0.201669,0.0704578,5.0721,0.0102575
384.319,0.89982,0.00254382,10,1023,0,-378.244,0.0394619,0.00549149,0.0609994,0.0546842,8.78418,0.08209,0.11772,0.00282817,1.16643,0.00853932,2.34734,1.50324,0.0878502,0.213125,0.0716535,5.02757,0.0119981
384.539,0.997149,0.00348192,10,1023,0,-378.652,0.0374671,0.00633242,0.0541381,0.0601842,10.2753,0.0838779,0.126271,0.00207368,1.12787,0.00773885,3.71664,1.60888,0.102757,0.175189,0.0701111,5.10808,0.0133497
384.202,0.430504,0.00626172,2,6,1,-377.589,0.0374758,0.00633089,0.0541403,0.0601712,10.2689,0.0837845,0.12623,0.00207315,1.12649,0.00773887,3.72344,1.60857,0.102984,0.175127,0.0701108,5.10695,0.0133441
385.063,0.963576,0.00223959,10,1023,0,-375.359,0.0399313,0.00652062,0.0608356,0.0597272,11.2402,0.091275,0.119364,0.00243352,1.16422,0.00870148,3.61669,1.79354,0.117675,0.148826,0.0705415,5.24566,0.0130117
384.259,0.939333,0.00364349,10,1023,0,-375.367,0.0398613,0.0111443,0.0638374,0.0535225,7.39701,0.104339,0.0985842,0.00488111,0.713554,0.00910439,5.28527,2.35464,0.14452,0.126385,0.063174,4.71989,0.0176395
384.32,0.0691765,0.00549555,10,1023,0,-376.456,0.0374781,0.0112264,0.0616506,0.0548891,7.65488,0.0994515,0.101198,0.00480364,0.880283,0.00973476,6.91316,2.09997,0.162907,0.107891,0.063458,4.87865,0.0200882
384.755,0.999471,0.000744559,10,1023,0,-378.217,0.0373979,0.0110014,0.0654475,0.0536606,7.53758,0.0908459,0.105879,0.00375768,0.980734,0.00934749,6.90157,2.0753,0.161349,0.107619,0.0622581,4.85098,0.0201261
383.497,0.996553,0.00133266,10,1023,0,-374.141,0.0374778,0.0115374,0.0641253,0.0537995,7.46956,0.0921287,0.103011,0.0041511,1.04941,0.00913685,7.45514,2.10185,0.16179,0.108664,0.061488,4.76616,0.0199728
386.195,0.999452,0.0023438,10,1023,0,-377.254,0.0377512,0.0102012,0.0640472,0.0551785,6.71644,0.0921656,0.107547,0.0035724,0.964803,0.00942946,5.22079,2.04909,0.150913,0.115002,0.0645305,4.96721,0.019438
385.973,0.899724,0.00411612,10,1023,0,-381.822,0.0361066,0.00883959,0.0592068,0.0563435,7.8432,0.0715956,0.115916,0.0043876,0.966707,0.00790653,5.719,2.18474,0.139688,0.123001,0.0678704,5.18913,0.0165383
385.148,0.495153,0.00548716,2,7,1,-377.609,0.036111,0.0088392,0.0591861,0.0563197,7.83667,0.0715254,0.115991,0.00438178,0.96745,0.00790508,5.71555,2.18579,0.139604,0.122947,0.0678285,5.18798,0.0165414
386.057,0.840582,0.0024917,10,1023,0,-379.859,0.0405763,0.0107627,0.0591863,0.0621527,8.05194,0.0758979,0.0990913,0.00415469,0.933695,0.00913313,7.46221,2.2177,0.142845,0.125222,0.0635254,4.80173,0.0185179
385.791,0.989259,0.00284136,10,1023,0,-376.993,0.0433823,0.0143814,0.0579385,0.0686497,10.3521,0.100095,0.101281,0.00373361,0.86793,0.00749559,9.17126,2.83224,0.122717,0.143562,0.0627488,4.80237,0.0142728
382.987,0.683126,0.0047651,10,1023,0,-375.35,0.0360457,0.01612,0.0580859,0.0602971,9.02704,0.148076,0.107855,0.00273534,0.712977,0.0103723,12.4248,1.50852,0.125859,0.149307,0.0719796,5.06646,0.0115101
382.473,0.941769,0.00358888,10,1023,0,-367.215,0.042935,0.00454782,0.0636306,0.0590129,17.6802,0.0411507,0.122238,0.00367927,1.25346,0.0069803,3.43592,3.06348,0.107263,0.160791,0.063586,4.90079,0.0165901
382.296,0.0128857,0.00527502,8,255,0,-374.132,0.0429095,0.00454491,0.0636735,0.0588981,17.6764,0.041186,0.122037,0.00367935,1.25527,0.00697154,3.43156,3.06613,0.107353,0.160794,0.0636372,4.90163,0.0166154
381.027,0.996888,0.000722157,10,1023,0,-374.425,0.0420651,0.00430059,0.0650868,0.0562173,18.4955,0.0379124,0.121419,0.00422208,1.26518,0.006812,3.42772,3.12573,0.105076,0.163405,0.0625382,4.85195,0.0153991
378.771,0.987244,0.00122772,10,1023,0,-369.286,0.0425065,0.00490268,0.0623913,0.0572264,18.206,0.0397597,0.123354,0.00443634,1.28604,0.0070268,3.76787,3.30481,0.098989,0.180796,0.0632506,4.7457,0.0149097
382.096,0.997243,0.00202101,10,1023,0,-366.031,0.0419825,0.00428884,0.0638106,0.0621975,18.2696,0.0403516,0.121192,0.00331576,1.22001,0.00710406,3.0479,3.32568,0.11696,0.146539,0.0659235,5.06809,0.0159006
380.903,0.983605,0.00338557,10,1023,0,-371.815,0.0405792,0.00277952,0.0610031,0.0692622,22.3222,0.031218,0.0901746,0.00373325,1.13439,0.00821911,2.86069,2.62878,0.137225,0.127011,0.0625232,4.83236,0.0160035
380.392,0.0169794,0.00544175,6,111,1,-372.671,0.0407771,0.00275516,0.0613582,0.0684743,22.4103,0.0314556,0.0903634,0.00386385,1.14495,0.00815226,2.81629,2.62906,0.138586,0.126236,0.0624965,4.82406,0.0157864
379.057,0.999145,0.000808168,10,1023,0,-370.068,0.039838,0.00276612,0.057504,0.0723809,25.1021,0.0269723,0.0890422,0.00458699,1.13203,0.00758745,3.62702,2.65873,0.128837,0.136856,0.064914,4.92309,0.0157964
378.036,0.983193,0.00135355,10,1023,0,-370.727,0.0412757,0.00321198,0.0570549,0.0737393,23.3682,0.0295827,0.0940695,0.00469877,1.3662,0.00776448,4.20349,2.74031,0.139248,0.121911,0.0664366,5.15185,0.0169197
379.586,0.99802,0.00216504,10,1023,0,-373.358,0.040478,0.00324358,0.0613029,0.0679596,22.1864,0.0328852,0.0996339,0.00360809,1.56079,0.00765261,3.81375,2.61605,0.13418,0.128819,0.06792,5.16117,0.0168523
378.746,0.996098,0.00356507,10,1023,0,-368.429,0.0402625,0.0023239,0.0534983,0.0697357,25.7407,0.0305467,0.0975637,0.00468541,1.20488,0.00720227,2.58987,2.27553,0.108522,0.160824,0.0635766,4.84678,0.0175111
379.396,0.219318,0.00580317,3,10,1,-363.53,0.0402481,0.00232315,0.0534798,0.0697117,25.7053,0.0305403,0.0974012,0.00466755,1.20378,0.00720725,2.59348,2.27622,0.108587,0.160985,0.0635875,4.84639,0.0174851
374.894,0.977436,0.00148548,10,1023,0,-368.248,0.0405773,0.00224997,0.0487355,0.0680242,24.5216,0.0287224,0.107959,0.0052161,1.03212,0.00723248,2.39647,2.57419,0.12348,0.141392,0.0630098,4.82983,0.0157952
374.894,1.72191e-19,0.004624,1,2,1,-367.821,0.0405773,0.00224997,0.0487355,0.0680242,24.5216,0.0287224,0.107959,0.0052161,1.03212,0.00723248,2.39647,2.57419,0.12348,0.141392,0.0630098,4.82983,0.0157952
374.894,0,0.0107973,0,1,1,-367.634,0.0405773,0.00224997,0.0487355,0.0680242,24.5216,0.0287224,0.107959,0.0052161,1.03212,0.00723248,2.39647,2.57419,0.12348,0.141392,0.0630098,4.82983,0.0157952
382.46,0.968979,0.00106461,10,1023,0,-367.914,0.0418633,0.0025632,0.0480507,0.0667754,15.6435,0.0244193,0.119348,0.00439072,0.914529,0.0077013,2.4212,2.22809,0.109013,0.162105,0.0637051,4.83107,0.0155313
380.062,0.999505,0.00102083,10,1023,0,-371.874,0.0408966,0.0020662,0.0466212,0.0648341,18.1854,0.01961,0.114999,0.00526279,0.911395,0.00743668,2.46853,2.08437,0.105179,0.169417,0.0629831,4.73454,0.0178865
383.754,0.99849,0.00137057,10,1023,0,-371.77,0.0398374,0.00316999,0.0501069,0.0570107,15.0045,0.0296121,0.119721,0.00450959,0.664459,0.00722854,3.8155,1.78659,0.110306,0.15933,0.0626734,4.76862,0.0201987
382.306,0.418722,0.00212539,9,675,0,-375.207,0.0393639,0.00301236,0.0536368,0.0574142,13.6223,0.025447,0.120752,0.00433644,0.791547,0.00740276,3.09477,2.09711,0.115303,0.150209,0.0612563,4.75674,0.0191288
384.88,0.98872,0.000608621,10,1023,0,-377.702,0.0396982,0.00301205,0.0533641,0.0579748,15.6776,0.028061,0.11881,0.00441401,0.792551,0.00744333,3.10887,2.17129,0.113209,0.154187,0.0613464,4.73131,0.0196986
382.251,0.891145,0.00101922,10,1023,0,-371.64,0.0406471,0.00205951,0.0535453,0.0566738,13.2223,0.023552,0.107058,0.00606214,0.624683,0.00801461,1.49528,2.32847,0.129001,0.136467,0.0625209,4.78106,0.0205706
381.328,0.99737,0.0013082,10,1023,0,-376.654,0.0399631,0.00234437,0.0579562,0.0522397,10.0452,0.020311,0.110712,0.00657274,0.866799,0.00726915,1.74147,2.34133,0.129644,0.132324,0.062327,4.86662,0.0194709
381.411,0.715676,0.00239811,10,1023,0,-374.092,0.042003,0.00140905,0.0573289,0.0498666,14.7799,0.0178459,0.123795,0.00427877,0.90347,0.00740742,1.34882,1.73117,0.125675,0.140734,0.0635084,4.83266,0.0157622
381.944,0.993427,0.00182927,10,1023,0,-373.99,0.0436141,0.00170447,0.0576026,0.0520462,16.7904,0.0266806,0.135074,0.00424783,0.745214,0.00720469,1.14806,2.16719,0.120045,0.143973,0.0650347,4.99044,0.0142071
382.151,0.366506,0.0033823,2,5,0,-374.374,0.0436041,0.00170395,0.0575933,0.0520445,16.8216,0.0267737,0.135035,0.00424621,0.74576,0.00720404,1.14775,2.16578,0.120029,0.143917,0.0650185,4.99097,0.0141947
382.285,0.953838,0.000870467,10,1023,0,-373.437,0.0433607,0.0016913,0.0574349,0.0517719,17.7808,0.026981,0.134533,0.00431465,0.748756,0.00727394,1.19559,2.15901,0.118219,0.14576,0.0648078,4.98961,0.0141538
386.09,0.998601,0.00143499,10,1023,0,-379.324,0.0400028,0.00238821,0.0619532,0.0512733,13.2865,0.0575169,0.120959,0.00401941,0.689593,0.00759033,0.864841,2.06956,0.11956,0.144163,0.064341,4.95077,0.0168543
386.161,0.187905,0.00271685,2,5,1,-379.416,0.040007,0.00238675,0.0619573,0.0512676,13.2817,0.057374,0.120968,0.00401447,0.690366,0.00759034,0.864258,2.06854,0.119601,0.144157,0.0643445,4.95148,0.0168582
385.745,0.978956,0.000415131,10,1023,0,-377.171,0.0400151,0.00247461,0.0612107,0.0531921,13.1872,0.0719723,0.115694,0.00435529,0.674488,0.00745751,0.685026,2.24359,0.117689,0.148448,0.0651044,4.95183,0.0182764
384.643,0.992033,0.000743878,10,1023,0,-377.718,0.0393773,0.00288373,0.0633262,0.0541498,13.7846,0.0766269,0.114918,0.00369264,0.588382,0.00732838,0.840307,2.35428,0.114179,0.153347,0.0650497,4.93303,0.0205171
384.555,0.982109,0.00137875,10,1023,0,-379.102,0.0396804,0.00306091,0.0638776,0.0568542,15.0091,0.0909422,0.113646,0.00291113,0.580205,0.00714705,0.824565,2.53205,0.119349,0.143234,0.0642086,4.97918,0.0200524
384.499,0.233491,0.00246036,2,4,1,-375.951,0.039673,0.00305957,0.0638859,0.056862,15.0083,0.0908419,0.113579,0.00291165,0.58022,0.00714551,0.8251,2.5308,0.119329,0.143235,0.0642088,4.97966,0.0200658
384.444,0.998248,0.000458794,10,1023,0,-376.574,0.0391063,0.00271619,0.0635505,0.0579877,14.6158,0.077157,0.107976,0.00286235,0.641411,0.00683631,0.791112,2.46119,0.122287,0.14119,0.0646311,4.95944,0.0207828
384.767,0.99966,0.000860561,10,1023,0,-379.446,0.038807,0.00260011,0.0646388,0.0592876,14.8822,0.0689778,0.102461,0.00325991,0.546656,0.00730328,0.779616,2.48658,0.116766,0.147298,0.0651011,4.99098,0.0203532
382.509,0.578182,0.00160549,10,1023,0,-375.884,0.0396966,0.00181508,0.0624395,0.0554534,14.4779,0.0893895,0.105538,0.00330434,0.904966,0.00852347,0.389484,1.72034,0.11209,0.157179,0.0633499,4.8099,0.018078
382.605,0.999933,0.000862061,10,1023,0,-374.07,0.038804,0.00280533,0.0637924,0.0498727,9.75518,0.128641,0.108983,0.0040675,0.63995,0.00748662,0.409752,1.88148,0.100381,0.183192,0.0674643,4.88205,0.0175192
383.226,0.94766,0.00159453,10,1023,0,-377.07,0.0406726,0.00259654,0.0527858,0.0573861,14.7425,0.0703627,0.127267,0.00465678,1.05866,0.00870762,0.788066,2.2425,0.101614,0.18469,0.0672055,4.78169,0.0196292
383.303,0.0057143,0.0025114,7,202,1,-374.285,0.0407681,0.00260986,0.0529336,0.057421,15.1454,0.0704382,0.127784,0.00455799,1.08978,0.00869694,0.817012,2.24161,0.101694,0.184605,0.0671778,4.78147,0.0196975
381.1,0.998936,0.000266157,10,1023,0,-374.956,0.0410428,0.00256426,0.0525169,0.0573195,15.8344,0.0691672,0.125949,0.00461775,1.04962,0.00863757,0.853805,2.23682,0.100259,0.186863,0.0673639,4.79564,0.0197378
380.509,0.999487,0.000488624,10,1023,0,-372.245,0.0413484,0.00267481,0.0529415,0.0589794,16.2579,0.0658417,0.129102,0.00461211,1.04538,0.00834766,0.908646,2.39106,0.102446,0.179873,0.067014,4.82397,0.0205299
380.999,0.837761,0.000889393,10,1023,0,-366.563,0.0415598,0.00275386,0.0529557,0.0588409,13.0599,0.076157,0.130045,0.0039109,0.932831,0.0087609,0.731975,2.21145,0.108038,0.169974,0.0653872,4.77579,0.0191994
384.356,0.996797,0.00102156,10,1023,0,-377.299,0.0415136,0.00294145,0.0525502,0.060912,13.8433,0.0953932,0.12807,0.00388156,0.85345,0.00892619,0.695134,2.1916,0.107662,0.16825,0.0653222,4.81006,0.018988
387.531,0.495757,0.00181632,10,1023,0,-377.49,0.0395261,0.00585442,0.0526658,0.0633161,12.9184,0.108094,0.128999,0.00442133,0.793686,0.0072416,2.0337,2.68703,0.121811,0.140075,0.0666175,5.12444,0.0181175
388.242,0.999946,0.000811054,10,1023,0,-381.87,0.0402647,0.00599453,0.0539031,0.0636991,13.9919,0.110538,0.120644,0.00388552,0.635444,0.00717545,2.45122,2.49495,0.117528,0.144555,0.0667378,5.14787,0.017331
387.305,0.84424,0.00144346,10,1023,0,-379.191,0.0441717,0.00667619,0.0593375,0.0576663,8.84988,0.0694829,0.110187,0.00442279,0.516375,0.00776113,3.47719,2.21505,0.120921,0.144863,0.068736,5.1468,0.0170443
385.367,0.86924,0.00167297,10,1023,0,-379.516,0.0416768,0.0052002,0.058264,0.0532842,9.81419,0.0598238,0.113519,0.0056613,0.806312,0.00767643,3.40502,1.96006,0.137092,0.127948,0.0697783,5.23232,0.0133226
384.587,0.255889,0.00206789,10,1023,0,-373.835,0.0386919,0.00648464,0.0538596,0.0592299,16.1636,0.108938,0.121428,0.00565189,0.359965,0.00898053,3.42178,2.55923,0.140415,0.122411,0.0680348,5.2131,0.0120079
384.089,0.999081,0.000501252,10,1023,0,-379.404,0.0388781,0.00601986,0.0555497,0.0582775,16.0638,0.105355,0.120587,0.0051101,0.359673,0.00878728,2.96572,2.65906,0.143868,0.122058,0.0683301,5.14148,0.0124265
385.961,0.998379,0.000877015,10,1023,0,-380.829,0.0383825,0.00600861,0.0558449,0.0588472,17.3122,0.107346,0.121319,0.00512499,0.383678,0.00850913,2.95082,2.75756,0.135157,0.126286,0.0671965,5.18284,0.0123603
386.447,0.999381,0.00151809,10,1023,0,-381.797,0.0389057,0.00561472,0.0551488,0.0587759,17.0355,0.103151,0.118333,0.00510008,0.346644,0.00845734,2.81964,2.63446,0.135431,0.126999,0.0674189,5.16129,0.0116412
386.447,8.62881e-05,0.00261196,1,3,1,-378.189,0.0389057,0.00561472,0.0551488,0.0587759,17.0355,0.103151,0.118333,0.00510008,0.346644,0.00845734,2.81964,2.63446,0.135431,0.126999,0.0674189,5.16129,0.0116412
386.584,0.989603,0.000342191,10,1023,0,-379.022,0.0387822,0.00609006,0.0554092,0.0585794,17.4162,0.11674,0.117917,0.00502573,0.349342,0.00818392,3.20589,2.45533,0.135465,0.127126,0.0675659,5.16553,0.011863
387.491,0.999711,0.000575917,10,1023,0,-381.009,0.0382593,0.00608335,0.0551478,0.0581388,16.1272,0.108114,0.117799,0.00511658,0.351255,0.00805848,3.17019,2.51681,0.134297,0.126863,0.0670285,5.17998,0.0119377
387.789,0.970595,0.000986493,10,1023,0,-380.807,0.0387033,0.0066795,0.0558978,0.0592417,15.1185,0.111565,0.118081,0.00506725,0.349497,0.00835796,3.12444,2.7505,0.139439,0.122732,0.066801,5.15687,0.0125233
388.29,0.863659,0.00155792,10,1023,0,-380.793,0.0408456,0.00898887,0.0597114,0.054332,13.9271,0.130271,0.127932,0.00408111,0.2989,0.00832765,4.38704,2.67808,0.130763,0.135976,0.0693299,5.14225,0.0131974
387.733,0.281505,0.00187184,10,1023,0,-378.315,0.0406224,0.0105267,0.062362,0.0517599,11.9254,0.123536,0.134578,0.00404004,0.306097,0.00815209,4.92757,2.73875,0.12211,0.143123,0.0674108,5.09201,0.0127073
385.178,0.996232,0.000531088,10,1023,0,-382.084,0.0403548,0.0101173,0.0621958,0.0502662,12.1354,0.125223,0.134013,0.00439046,0.307729,0.00795772,4.4733,2.7995,0.118188,0.150252,0.0678766,5.04265,0.0129002
383.186,0.998709,0.000888074,10,1023,0,-374.075,0.041462,0.00694757,0.0616626,0.0460726,15.7005,0.146976,0.136476,0.00419398,0.40125,0.00841542,3.14643,2.13436,0.11611,0.153845,0.0661369,4.91996,0.0108629
381.151,0.669543,0.00148295,10,1023,0,-375.05,0.0406358,0.00585314,0.062299,0.0470341,15.8292,0.155846,0.135946,0.00372693,0.45387,0.00759293,2.19468,2.11854,0.117784,0.150567,0.0652845,4.93714,0.0111895
377.049,0.85322,0.00110752,10,1023,0,-367.023,0.0410237,0.00509333,0.064148,0.0446203,16.1511,0.103438,0.136066,0.00368816,0.428134,0.00736606,2.39109,2.31434,0.121258,0.150543,0.0650067,4.83245,0.0098311
382.744,0.9972,0.00129173,10,1023,0,-369.362,0.0411538,0.00684488,0.0636083,0.044741,10.3349,0.0950133,0.138818,0.00401955,0.418938,0.00730908,3.04866,2.28562,0.12741,0.138896,0.0637778,4.87174,0.00966113
382.767,0.130464,0.00212034,7,153,0,-376.394,0.0411131,0.00686032,0.0637319,0.0447261,10.2733,0.094461,0.138664,0.00400318,0.422823,0.00729918,3.06545,2.2673,0.126975,0.138308,0.0637223,4.8709,0.009677
383.677,0.998533,0.00044206,10,1023,0,-375.61,0.0414329,0.0064874,0.0633946,0.0449179,11.5421,0.0933355,0.137121,0.0037631,0.433163,0.00740126,3.1055,2.33866,0.129485,0.137247,0.0637696,4.83638,0.00957665
384.561,0.983295,0.000728123,10,1023,0,-375.961,0.0416798,0.00719286,0.0648821,0.0453557,11.0967,0.087199,0.139382,0.00399425,0.387047,0.00800924,3.61248,2.46906,0.136038,0.128078,0.0636416,4.90806,0.00865988
381.137,0.999985,0.00114949,10,1023,0,-377.542,0.0422477,0.00724317,0.0668037,0.0450702,12.3387,0.103047,0.139328,0.00356074,0.448786,0.00745459,2.75114,3.03564,0.134967,0.131164,0.0603113,4.67283,0.00960272
377.504,0.938739,0.00187506,10,1023,0,-370.755,0.0407183,0.00799641,0.0646993,0.0394975,7.88544,0.233655,0.134999,0.00398601,0.464339,0.00862636,1.72549,1.81582,0.145011,0.126968,0.0634714,4.72778,0.00829163
376.436,0.177579,0.00263788,8,401,1,-369.308,0.0405,0.00773183,0.0643825,0.0394128,8.02966,0.228711,0.137907,0.00401133,0.50204,0.00874526,1.68219,1.81553,0.146551,0.126133,0.0639664,4.74389,0.0084604
378.737,0.972871,0.000643346,10,1023,0,-366.138,0.0405355,0.00623604,0.0652615,0.0424482,10.304,0.203427,0.133481,0.00338383,0.42938,0.00872483,1.53969,1.80843,0.145838,0.123418,0.0635413,4.80804,0.00838078
378.439,0.971422,0.000980566,10,1023,0,-371.807,0.0424561,0.00597562,0.0681312,0.0438412,9.80415,0.161509,0.126014,0.00340453,0.438186,0.00910828,1.68469,1.80517,0.148069,0.119803,0.0655571,4.97132,0.00788698
378.245,0.999055,0.00148163,10,1023,0,-369.352,0.0419836,0.00659513,0.0678485,0.041056,11.3628,0.200459,0.131103,0.00355848,0.542305,0.00993995,2.1133,1.64124,0.153363,0.120095,0.0677096,4.96601,0.00656155
378.527,0.105995,0.0023702,8,485,0,-371.312,0.0418272,0.006752,0.068463,0.0413155,11.1762,0.199848,0.13078,0.00353832,0.535522,0.0100909,2.13696,1.67053,0.15352,0.11941,0.0677401,4.9829,0.00648577
377.369,0.983049,0.00050996,10,1023,0,-370.677,0.0408476,0.00705642,0.0683852,0.0401782,12.1611,0.242391,0.136068,0.0035593,0.545269,0.00946999,2.01433,1.80663,0.156943,0.116811,0.0672747,4.9674,0.00694056
379.097,0.986601,0.000787663,10,1023,0,-369.25,0.0394751,0.00767579,0.0634167,0.0455221,10.2885,0.21874,0.139453,0.003172,0.482027,0.00990773,2.25632,1.70156,0.151998,0.117123,0.0680295,5.10777,0.00726808
383.677,0.89964,0.00121968,10,1023,0,-372.525,0.0376663,0.00645159,0.0630619,0.0502989,7.81723,0.089925,0.117411,0.00306901,0.727262,0.00926737,3.13119,1.62722,0.15314,0.115091,0.0652369,4.97761,0.0075443
388.694,0.983861,0.00155156,10,1023,0,-373.601,0.037107,0.00536559,0.0560816,0.0586951,9.28133,0.0912569,0.111312,0.0041641,0.855164,0.00890672,2.23043,1.95485,0.146505,0.122157,0.0677727,5.07263,0.00711869
387.256,0.237793,0.00236606,2,6,1,-379.646,0.037102,0.0053626,0.0560763,0.0587016,9.27852,0.0914459,0.111328,0.00416085,0.854218,0.0089086,2.22996,1.95378,0.146561,0.122235,0.0677675,5.07304,0.00711714
387.509,0.91632,0.000708807,10,1023,0,-381.455,0.0366694,0.00583716,0.0571919,0.0597156,9.03995,0.0868794,0.111829,0.00415385,0.935511,0.008919,2.43257,2.04099,0.136309,0.131491,0.0675365,5.04665,0.00672267
388.121,0.865674,0.000933521,10,1023,0,-377.133,0.0368759,0.00612927,0.0581145,0.0591765,10.1297,0.0792876,0.110318,0.00405323,0.990264,0.009172,3.28841,2.05276,0.138728,0.129354,0.0674114,5.01769,0.00687696
389.06,0.97384,0.00109908,10,1023,0,-382.875,0.0372732,0.00603016,0.0616897,0.0540109,11.0129,0.08149,0.117187,0.00373425,0.846201,0.00877493,3.44338,2.04887,0.142896,0.12375,0.0672038,5.07154,0.00685835
387.221,0.965221,0.00162751,10,1023,0,-383.038,0.0393406,0.00746671,0.059772,0.0520126,12.3393,0.0720616,0.115985,0.00393424,0.779976,0.00978821,7.23677,1.86928,0.14676,0.126031,0.0665246,4.8761,0.00633425
386.81,0.0430116,0.00235574,10,1023,0,-379.486,0.0385429,0.00758639,0.0566467,0.0554755,14.0238,0.0843677,0.117342,0.00409072,0.745782,0.0102572,6.60244,2.05986,0.146294,0.127793,0.0670144,4.87337,0.00628501
388.707,0.999879,0.000483156,10,1023,0,-374.214,0.0381325,0.00842899,0.0572736,0.0570077,13.9111,0.0910306,0.115186,0.00350872,0.958175,0.00995116,7.95149,1.82904,0.134495,0.138049,0.0676109,4.90359,0.00632174
387.307,0.999928,0.000754018,10,1023,0,-379.845,0.0384812,0.00861329,0.0588506,0.0574348,15.5811,0.0941515,0.114711,0.00390972,1.08166,0.0100699,8.38874,1.97469,0.135684,0.13329,0.0676153,4.9971,0.00658996
385.943,0.822226,0.0011711,10,1023,0,-379.509,0.0385736,0.00882435,0.0591206,0.058402,15.1189,0.0949191,0.114582,0.0039796,1.00228,0.0100878,8.21795,1.98763,0.138846,0.131065,0.0677238,4.99459,0.00665149
389.343,0.960881,0.00125073,10,1023,0,-379.241,0.0366151,0.00533839,0.0576089,0.0557859,17.3125,0.0829375,0.112591,0.00483653,0.907049,0.00819239,4.3509,2.02713,0.142431,0.123296,0.0650144,4.98214,0.00636904
387.383,0.902033,0.00177835,10,1023,0,-379.629,0.039177,0.00765934,0.0581573,0.0485153,10.0782,0.0664457,0.129399,0.00535165,0.458505,0.00863522,5.38409,2.3081,0.132916,0.138148,0.0675897,4.95856,0.00467864
386.979,0.646586,0.00223162,8,502,1,-380.16,0.0405682,0.00730969,0.059747,0.0484531,10.4711,0.0663803,0.129067,0.00521405,0.47461,0.00845373,5.25541,2.14447,0.126174,0.140183,0.0658044,4.98476,0.00479657
387.743,0.996624,0.00165558,10,1023,0,-377.602,0.040729,0.00607666,0.0615045,0.0495012,12.243,0.0521187,0.131017,0.00475512,0.617256,0.00890362,4.914,2.32252,0.127418,0.141421,0.0672681,4.99141,0.00548102
387.743,8.13597e-10,0.00251387,2,5,0,-378.754,0.040729,0.00607666,0.0615045,0.0495012,12.243,0.0521187,0.131017,0.00475512,0.617256,0.00890362,4.914,2.32252,0.127418,0.141421,0.0672681,4.99141,0.00548102
387.043,0.997249,0.000503912,10,1023,0,-381.626,0.0415857,0.00642758,0.0611564,0.0491832,10.6103,0.0498355,0.122495,0.00512568,0.582103,0.00806747,5.44824,2.28518,0.128298,0.141121,0.0692923,5.09092,0.00568314
382.123,0.969875,0.000767354,10,1023,0,-371.009,0.0413226,0.00606842,0.0596626,0.0500537,10.8715,0.0482196,0.126544,0.00408371,0.593682,0.00868638,5.5562,2.12927,0.133444,0.13459,0.0670944,5.00634,0.00617747
380.121,0.99439,0.00110133,10,1023,0,-372.233,0.0417211,0.00655132,0.0639012,0.0513506,11.2967,0.0523918,0.125188,0.00248057,0.606083,0.0087002,6.79278,1.73768,0.116948,0.153265,0.0721305,5.27222,0.00481824
380.46,0.480792,0.00165394,10,1023,0,-369.399,0.0394886,0.00609016,0.0624541,0.0476549,11.7482,0.0640716,0.120065,0.00257259,0.617349,0.00797744,5.80288,1.40089,0.102358,0.182077,0.0675994,4.86766,0.00543547
384.446,0.98856,0.000891301,10,1023,0,-369.133,0.0387908,0.00484633,0.0605457,0.0501001,16.4286,0.0458139,0.120673,0.00281087,0.47301,0.00900678,7.20907,1.40613,0.115457,0.16036,0.0673325,4.88182,0.00528336
384.805,0.993631,0.00131912,10,1023,0,-372.246,0.0364188,0.00675037,0.0610359,0.0495274,9.8984,0.0664368,0.128687,0.00264776,0.424297,0.00958476,5.06293,1.57912,0.111137,0.170207,0.0690154,4.88911,0.0046695
388.23,0.311131,0.00196433,10,1023,0,-377.352,0.0393214,0.00526767,0.0595067,0.0526867,14.799,0.0561248,0.118091,0.0031972,0.484649,0.00892007,5.40653,1.71769,0.11609,0.15936,0.0667082,4.86377,0.00509037
384.335,0.91116,0.000765145,10,1023,0,-373.428,0.0389994,0.00474708,0.0565344,0.0537018,22.5952,0.0563703,0.124547,0.00329654,0.428859,0.00846246,6.32075,1.7441,0.103396,0.180524,0.0683703,4.9085,0.0049602
388.222,0.998704,0.000968833,10,1023,0,-377.955,0.0397394,0.00575313,0.0578453,0.0551056,19.4437,0.0773752,0.11988,0.00279159,0.497584,0.00816673,5.58014,1.8862,0.108702,0.171471,0.0668273,4.83272,0.00494997
386.791,0.998156,0.00145064,10,1023,0,-381.497,0.039038,0.00578123,0.0557514,0.0564227,22.2506,0.064974,0.123379,0.00293248,0.447824,0.00780877,8.00855,1.79032,0.10882,0.166546,0.0663185,4.90963,0.00427277
390.316,0.414885,0.00216152,10,1023,0,-383.383,0.0401026,0.00705445,0.0604549,0.0584092,9.97244,0.083583,0.108696,0.00322028,0.772885,0.00899663,3.97657,1.85585,0.112227,0.163206,0.0690099,5.00585,0.0060866
390.706,0.946041,0.00104516,10,1023,0,-386.886,0.0396926,0.00820284,0.0606626,0.0586326,8.90787,0.086111,0.109055,0.0035598,0.823031,0.00859414,4.39622,2.00951,0.116681,0.156746,0.0687966,5.00871,0.00647277
390.2,0.845541,0.00140626,10,1023,0,-381.69,0.041183,0.00892723,0.0597097,0.0563049,10.6601,0.127838,0.106931,0.0037854,0.64631,0.00788471,4.84807,1.76331,0.113347,0.157262,0.066564,4.97346,0.00678177
386.023,0.899611,0.00155803,10,1023,0,-376.448,0.0434265,0.0104565,0.0619788,0.0554246,9.73291,0.12288,0.0951355,0.00416632,0.671604,0.00891208,6.25729,1.65225,0.105389,0.178619,0.0663738,4.76082,0.00681512
387.245,0.984878,0.0019108,10,1023,0,-378.018,0.0428931,0.0103342,0.0616751,0.0604981,9.71999,0.0812145,0.0935243,0.00383607,1.03008,0.00817813,8.32275,1.92877,0.114753,0.161466,0.0654486,4.78724,0.00658706
386.464,0.12033,0.00274786,3,13,1,-382.43,0.0428939,0.0103223,0.0616936,0.0604816,9.72158,0.0812276,0.0935413,0.00383723,1.03108,0.00817918,8.3247,1.92884,0.114715,0.161441,0.0654533,4.78738,0.00658303
386.712,0.999106,0.000774852,10,1023,0,-381.293,0.0432708,0.0117844,0.0603535,0.0613233,9.78564,0.0902775,0.0954131,0.00382353,1.01602,0.00850916,9.38711,1.9822,0.113519,0.163818,0.0654092,4.76206,0.00663695
386.244,0.969477,0.00114511,10,1023,0,-376.057,0.042334,0.0100514,0.061126,0.0625607,14.8364,0.0982176,0.0880927,0.00348931,0.899519,0.00889461,10.0632,1.87538,0.113913,0.166102,0.0653999,4.7014,0.00643253
386.846,0.995306,0.00159586,10,1023,0,-378.349,0.0411649,0.0059962,0.0605355,0.0587976,20.2771,0.0665228,0.0999754,0.00382421,0.870171,0.00965443,7.81182,1.81739,0.124532,0.146586,0.0661701,4.86974,0.00816883
387.225,0.538735,0.00232653,10,1023,0,-381.973,0.0410845,0.00544381,0.0606876,0.0570134,18.9865,0.0672897,0.101056,0.00389178,0.802922,0.00942052,6.08245,1.82971,0.127728,0.143799,0.0657208,4.83793,0.00781256
388.827,0.797396,0.0014536,10,1023,0,-377.329,0.0364452,0.00718059,0.0642081,0.0548984,15.0161,0.0937354,0.102491,0.00441624,0.944474,0.00901861,5.53333,2.02661,0.129477,0.139935,0.0666667,4.94763,0.00613417
384.999,0.774117,0.00146782,10,1023,0,-379.184,0.03407,0.00776113,0.055938,0.0568367,12.7663,0.0668464,0.101962,0.00535757,0.870702,0.00913226,8.25006,1.98009,0.136392,0.135454,0.0641687,4.75217,0.00636073
389.067,0.995432,0.00142006,10,1023,0,-378.438,0.0368473,0.00673148,0.0569224,0.0619157,18.7807,0.0957209,0.0974217,0.00444702,0.699104,0.0082879,6.90141,1.95151,0.15099,0.116218,0.066917,5.09847,0.00729068
388.6,0.311807,0.0020583,8,511,0,-381.566,0.0362588,0.00761315,0.0572411,0.0589511,16.1843,0.100043,0.096864,0.00477419,0.696411,0.00799743,7.43438,1.94117,0.148325,0.120341,0.0662635,5.00176,0.00711919
385.645,0.975679,0.000858142,10,1023,0,-381.561,0.036728,0.00955069,0.0608039,0.0621311,14.1526,0.105127,0.0936214,0.00452331,0.715676,0.0075088,8.64183,2.02392,0.139968,0.119698,0.0642137,5.10637,0.0050282
385.645,0,0.0118108,0,1,1,-379.618,0.036728,0.00955069,0.0608039,0.0621311,14.1526,0.105127,0.0936214,0.00452331,0.715676,0.0075088,8.64183,2.02392,0.139968,0.119698,0.0642137,5.10637,0.0050282
385.645,0.00792196,0.00197005,2,6,1,-380.205,0.036728,0.00955069,0.0608039,0.0621311,14.1526,0.105127,0.0936214,0.00452331,0.715676,0.0075088,8.64183,2.02392,0.139968,0.119698,0.0642137,5.10637,0.0050282
385.224,0.998527,0.000196977,10,1023,0,-377.018,0.0366126,0.00971942,0.0607608,0.0616542,14.1314,0.113167,0.0936656,0.00451834,0.683152,0.00754268,8.43576,1.99985,0.140462,0.119391,0.0642191,5.1068,0.00503091
383.937,0.995117,0.000264468,10,1023,0,-374.915,0.0363549,0.00963549,0.0605363,0.0617439,14.0661,0.110053,0.0937252,0.00453042,0.697744,0.00750512,8.46396,2.01336,0.140288,0.1197,0.0642103,5.1049,0.00497344
385.905,0.998854,0.000406704,10,1023,0,-379.341,0.0372447,0.0102235,0.0593479,0.0624013,13.9412,0.106231,0.0934723,0.0042582,0.671873,0.00744475,10.1233,1.97388,0.142685,0.119051,0.0645383,5.0877,0.00498557
387.473,0.996139,0.000688613,10,1023,0,-376.704,0.0360192,0.00848789,0.0585923,0.0619232,20.1626,0.133213,0.0926043,0.00456562,0.581803,0.00739864,7.62452,2.13692,0.14208,0.123795,0.0652076,4.99686,0.00414778
389.104,0.648535,0.00121603,10,1023,0,-378.026,0.0367719,0.0101292,0.0586258,0.0632126,19.1115,0.12499,0.0924153,0.00493278,0.588777,0.00763271,9.7666,2.31682,0.137539,0.127219,0.0655597,5.02252,0.00457634
386.425,0.998754,0.000741352,10,1023,0,-379.813,0.0357963,0.00959039,0.0590471,0.0648135,19.1557,0.133311,0.090422,0.00416094,0.545789,0.00713743,8.36937,2.29648,0.13396,0.131382,0.0662977,5.04607,0.00443773
388.075,0.996144,0.00137235,10,1023,0,-381.353,0.036692,0.00794746,0.0592186,0.0621787,18.1937,0.0964912,0.0968559,0.00527003,0.482493,0.00809445,6.59621,2.56255,0.140107,0.123779,0.0654272,5.05009,0.00504825
388.075,1.34833e-05,0.00254528,1,3,1,-376.34,0.036692,0.00794746,0.0592186,0.0621787,18.1937,0.0964912,0.0968559,0.00527003,0.482493,0.00809445,6.59621,2.56255,0.140107,0.123779,0.0654272,5.05009,0.00504825
386.798,0.996241,0.000203663,10,1023,0,-381.477,0.0369655,0.00749312,0.0591721,0.0616722,18.9911,0.0959558,0.0949371,0.00516906,0.471728,0.00810934,6.42565,2.52655,0.140072,0.123711,0.0654033,5.05342,0.00489236
387.43,0.992748,0.000382116,10,1023,0,-379.633,0.0369786,0.00789982,0.0592367,0.0633816,17.8077,0.0874476,0.0954345,0.00503069,0.434218,0.00803038,6.97555,2.57118,0.141065,0.123089,0.0654333,5.04745,0.00531732
388.941,0.915304,0.000708956,10,1023,0,-376.019,0.0375288,0.00766507,0.0601871,0.0592453,18.4859,0.129043,0.100172,0.00485305,0.400962,0.00868164,4.66175,2.54957,0.135183,0.132776,0.0671978,5.02108,0.00480202
386.288,0.986489,0.00102968,10,1023,0,-382.836,0.0387508,0.0081664,0.0592396,0.0605665,22.1003,0.145485,0.0985552,0.00459109,0.33874,0.00859911,5.59442,2.53819,0.133335,0.133162,0.0650263,4.93679,0.00422208
383.163,0.997347,0.00185974,10,1023,0,-379.388,0.0378288,0.00669813,0.0597136,0.0598287,24.8959,0.116491,0.0928807,0.00521531,0.410545,0.00859556,5.32356,2.65213,0.142043,0.125526,0.0641964,4.88537,0.00462502
383.163,0.0102074,0.00344957,2,4,1,-372.908,0.0378288,0.00669813,0.0597136,0.0598287,24.8959,0.116491,0.0928807,0.00521531,0.410545,0.00859556,5.32356,2.65213,0.142043,0.125526,0.0641964,4.88537,0.00462502
384.808,0.998976,0.000311252,10,1023,0,-375.096,0.0378957,0.00678232,0.0597942,0.0597433,25.0554,0.120559,0.0947773,0.00513858,0.407789,0.00847569,5.35595,2.58344,0.141908,0.125468,0.0641378,4.87874,0.00452214
386.009,0.9966,0.000583661,10,1023,0,-378.713,0.0372763,0.00773207,0.0588433,0.0605061,22.5836,0.140531,0.0957192,0.00520712,0.431843,0.00834922,5.34296,2.63599,0.145078,0.122148,0.0641767,4.90114,0.0048497
383.499,0.88945,0.00107696,10,1023,0,-374.32,0.0350186,0.00794332,0.0635481,0.0581248,18.8695,0.132789,0.101305,0.00516129,0.516726,0.00848715,4.2763,2.86736,0.135852,0.129916,0.066052,5.00445,0.00494729
384.331,0.885591,0.00143032,10,1023,0,-373.059,0.035779,0.00897418,0.064926,0.057259,16.4882,0.105479,0.0965071,0.00530384,0.514434,0.00921976,5.77639,2.93532,0.136547,0.134421,0.0667342,4.9218,0.00378269
385.274,0.0711418,0.00186998,10,1023,0,-375.22,0.0351693,0.00816869,0.0634089,0.058118,15.6602,0.0913288,0.0965038,0.00568619,0.54477,0.00894515,5.27322,2.93646,0.135336,0.133702,0.0663113,4.94243,0.00314883
384.254,0.989696,0.00022361,10,1023,0,-380.033,0.0349577,0.00775226,0.063486,0.0579018,15.7044,0.0847727,0.0965968,0.0056263,0.536131,0.00893673,5.24815,2.89455,0.136699,0.132263,0.066184,4.93839,0.00327097
383.415,0.985136,0.000400337,10,1023,0,-378.905,0.0350072,0.0079432,0.0625995,0.0584124,15.1021,0.0880529,0.0964565,0.0056739,0.514877,0.0088134,5.08373,2.91737,0.137031,0.132119,0.0664844,4.95169,0.00318775
385.349,0.997016,0.000700636,10,1023,0,-376.834,0.0346085,0.0062659,0.061021,0.0576403,16.0014,0.0673509,0.100458,0.00526923,0.531426,0.00921066,4.91125,2.66986,0.138434,0.132423,0.0670874,4.94059,0.00236355
385.08,0.977964,0.00125675,10,1023,0,-374.419,0.0351239,0.00913752,0.0593409,0.0607168,15.8705,0.0976961,0.103466,0.00495418,0.438756,0.00869195,7.08867,2.51366,0.126112,0.140109,0.0673153,5.05948,0.00301938
385.08,0.124485,0.00211497,1,3,0,-382.006,0.0351239,0.00913752,0.0593409,0.0607168,15.8705,0.0976961,0.103466,0.00495418,0.438756,0.00869195,7.08867,2.51366,0.126112,0.140109,0.0673153,5.05948,0.00301938
388.983,0.975117,0.00032097,10,1023,0,-375.888,0.0351024,0.00946273,0.0595802,0.0601564,16.8472,0.136273,0.105971,0.0047856,0.496065,0.00870589,5.87544,2.49548,0.126275,0.140265,0.0673473,5.06421,0.00383318
386.249,0.988858,0.000537436,10,1023,0,-375.347,0.0352073,0.00996782,0.0614114,0.0575845,17.4273,0.142579,0.107402,0.0048825,0.478162,0.00914168,6.14167,2.61025,0.126144,0.141193,0.0676049,5.0543,0.00433495
388.256,0.999305,0.000926692,10,1023,0,-378.546,0.0354252,0.00937958,0.061982,0.0576459,16.6429,0.163208,0.108824,0.00440873,0.440342,0.00873343,4.66535,2.59263,0.133148,0.132452,0.0662526,5.02192,0.00385267
390.833,0.536095,0.00162943,10,1023,0,-382.622,0.0374237,0.0137936,0.0592821,0.0614306,14.3121,0.14595,0.109817,0.00337682,0.840117,0.00858202,11.14,2.23533,0.133265,0.134358,0.0673543,5.036,0.00271031
391.309,0.999166,0.0008067,10,1023,0,-384.649,0.037025,0.0114084,0.0612055,0.0601972,17.0928,0.141659,0.108646,0.00364768,0.832153,0.00838456,9.0875,2.32806,0.131164,0.135987,0.0676296,5.06429,0.00221443
390.975,0.970034,0.00140644,10,1023,0,-387.309,0.0375523,0.0108379,0.0602118,0.0601813,17.5109,0.126609,0.1058,0.00404305,0.694323,0.00768396,9.80039,2.37619,0.139191,0.125364,0.0667001,5.10311,0.00313185
390.726,0.125307,0.00224801,2,6,1,-383.485,0.0375498,0.0108378,0.0602173,0.060184,17.5046,0.126514,0.105777,0.00404087,0.694876,0.0076851,9.80712,2.37813,0.139192,0.125387,0.0667025,5.10322,0.00313652
389.198,0.99982,0.00038006,10,1023,0,-379.679,0.0382521,0.0118904,0.0598051,0.0629242,16.6904,0.140913,0.106869,0.00374161,0.736211,0.00745011,9.7812,2.38475,0.138158,0.124204,0.0663243,5.14425,0.00319346
388.816,0.988409,0.000658854,10,1023,0,-385.225,0.0384251,0.0119282,0.0590259,0.063581,16.6582,0.134985,0.106263,0.00368619,0.746599,0.00758897,10.256,2.42659,0.139771,0.12215,0.0661111,5.15468,0.00315272
386.953,0.991956,0.00109903,10,1023,0,-381.522,0.0394859,0.0109308,0.0573147,0.064203,17.8925,0.148199,0.108978,0.0045003,0.840118,0.00669073,7.28139,2.8609,0.138956,0.123823,0.0661848,5.12397,0.00316294
387.616,0.00705648,0.00183542,10,1023,0,-376.364,0.0394442,0.0106829,0.0578494,0.0637374,17.6975,0.151088,0.108504,0.00444555,0.846012,0.00668069,6.76922,2.86641,0.137592,0.124866,0.0663739,5.14131,0.00334654
387.337,0.995841,0.000242307,10,1023,0,-383.276,0.0393721,0.0104037,0.0580292,0.063709,17.6741,0.144323,0.108026,0.00445237,0.847146,0.00666321,6.72575,2.85986,0.137324,0.124619,0.0661466,5.14193,0.00335604
387.835,0.995538,0.000410149,10,1023,0,-379.714,0.039472,0.0119149,0.0590149,0.0627454,16.8892,0.135015,0.107285,0.00454017,0.779319,0.00651218,9.04355,2.8434,0.138525,0.122596,0.0658746,5.16152,0.00235999
386,0.970173,0.000688178,10,1023,0,-379.157,0.0384552,0.0119553,0.0567434,0.0642128,20.5639,0.132699,0.104929,0.00451757,0.691383,0.00663128,11.8589,2.77222,0.143775,0.11949,0.0654477,5.10182,0.00187384
386.03,0.932061,0.00107503,10,1023,0,-376.139,0.0365807,0.0131024,0.0611764,0.0600732,15.9629,0.154912,0.100013,0.00493245,0.883945,0.00691668,10.1369,2.65555,0.148437,0.116492,0.0650696,5.06796,0.00173893
387.895,0.987293,0.00151706,10,1023,0,-378.961,0.0368334,0.0115888,0.0614386,0.0593261,15.3532,0.123197,0.105266,0.00476962,0.931104,0.0076388,8.66404,2.76789,0.139665,0.127104,0.0660327,5.01412,0.00117248
387.895,0.0790449,0.00244197,1,3,1,-378.472,0.0368334,0.0115888,0.0614386,0.0593261,15.3532,0.123197,0.105266,0.00476962,0.931104,0.0076388,8.66404,2.76789,0.139665,0.127104,0.0660327,5.01412,0.00117248
387.442,0.989062,0.000419206,10,1023,0,-382.317,0.0365322,0.0111775,0.0619682,0.059034,15.3441,0.117537,0.10613,0.00482098,0.948518,0.00762247,8.26875,2.7741,0.138247,0.128316,0.065835,5.00354,0.0012659
384.48,0.787266,0.000679221,10,1023,0,-377.136,0.0369078,0.0100128,0.0632792,0.0582267,13.8082,0.110277,0.102898,0.00472295,0.810654,0.00743382,6.75187,2.67241,0.139024,0.125282,0.0657587,5.06664,0.00124436
385.129,0.979025,0.000670396,10,1023,0,-378.308,0.037245,0.0107681,0.0637204,0.058724,13.7004,0.120964,0.104904,0.00451015,0.85567,0.00753629,6.69985,2.77088,0.141569,0.123045,0.0650966,5.0328,0.00113435
385.47,0.998894,0.0010496,10,1023,0,-380.132,0.0376224,0.0128448,0.0648314,0.0572658,12.2968,0.150611,0.103629,0.00493701,0.944558,0.00749921,6.72494,2.86106,0.143876,0.121802,0.0650742,5.00342,0.00118066
383.788,0.929665,0.00171249,10,1023,0,-380.129,0.0373181,0.0142182,0.0673778,0.0579449,11.6903,0.163004,0.101157,0.00503201,0.890031,0.0078723,7.13281,2.82072,0.144653,0.117015,0.0648187,5.11391,0.00081518
383.717,0.25052,0.00235496,2,4,1,-375.246,0.0373154,0.0142107,0.0673753,0.0579576,11.707,0.16299,0.101148,0.00503097,0.89118,0.00787252,7.12229,2.82234,0.144684,0.116977,0.064825,5.11376,0.000814804
386.018,0.994465,0.000650529,10,1023,0,-375.004,0.0365655,0.00974474,0.0651936,0.0494155,13.2833,0.169939,0.114276,0.00489364,0.902083,0.00724456,4.97579,2.37227,0.154693,0.11261,0.0656926,5.07972,0.000778098
386.51,0.993506,0.00104331,10,1023,0,-375.849,0.0366856,0.0101382,0.0649287,0.0497267,12.6582,0.165922,0.114029,0.00507326,0.851875,0.00732232,5.28245,2.33335,0.155495,0.111535,0.0656147,5.09715,0.000776607
380.599,0.0719802,0.00165912,10,1023,0,-375.818,0.0365762,0.00949628,0.0660788,0.0510218,12.0684,0.210727,0.110121,0.00496317,0.911291,0.00722411,3.62538,2.2051,0.150613,0.111416,0.0652252,5.18776,0.000660678
382.608,0.999972,0.000311715,10,1023,0,-373.712,0.0368149,0.0101262,0.0666051,0.0513351,11.3933,0.195183,0.107472,0.00512811,0.895935,0.00742127,4.1212,2.21851,0.149507,0.113007,0.0656208,5.18102,0.000717692
384.086,0.913257,0.000503943,10,1023,0,-371.422,0.0371826,0.00962026,0.066567,0.050944,11.0634,0.197509,0.108404,0.00517261,0.873857,0.00727745,3.60869,2.21287,0.149609,0.112773,0.0656393,5.19527,0.000660362
386.824,0.838124,0.000664339,10,1023,0,-378.549,0.0377713,0.0106945,0.0661037,0.050498,11.4992,0.168562,0.107846,0.0051464,0.788191,0.00718563,5.37482,2.21149,0.147203,0.11633,0.0657279,5.134,0.000614328
385.016,0.977196,0.000735983,10,1023,0,-376.325,0.0377806,0.00991416,0.0660434,0.0517181,11.508,0.158241,0.107861,0.00474281,0.878539,0.00722646,5.22658,2.06061,0.1477,0.114164,0.0652418,5.17217,0.000654509
385.403,0.999999,0.00111399,10,1023,0,-379.032,0.0393046,0.0107244,0.0592557,0.0506258,9.9067,0.137174,0.116519,0.00446814,0.649488,0.00660146,6.49226,2.0844,0.155946,0.111224,0.0645602,5.03596,0.000672779
384.372,0.621315,0.00176542,10,1023,0,-376.63,0.0401738,0.0104462,0.0637729,0.0488265,8.96763,0.164585,0.113794,0.00375425,0.530693,0.00733669,4.97659,1.78013,0.14716,0.11578,0.063429,5.01756,0.00131923
385.44,0.506232,0.00119733,10,1023,0,-371.938,0.0410843,0.00936171,0.0542112,0.0533971,10.7899,0.151856,0.114236,0.0043151,0.63752,0.00750206,5.39974,1.70307,0.138918,0.129626,0.0631395,4.80686,0.00151425
383.342,0.965853,0.000632359,10,1023,0,-376.169,0.0412334,0.00917357,0.0534479,0.0535828,11.0755,0.154034,0.110494,0.00425819,0.613152,0.00755538,5.49869,1.67866,0.139917,0.129736,0.0632527,4.78779,0.00143469
382.851,0.992457,0.00092495,10,1023,0,-377.041,0.0417879,0.0118553,0.0531733,0.0548081,10.9852,0.160597,0.111508,0.00397849,0.74863,0.00747655,9.26359,1.49843,0.142142,0.126383,0.0633245,4.8291,0.00180136
380.356,0.997977,0.00142752,10,1023,0,-374.671,0.0424454,0.00965696,0.0526772,0.0566259,10.2183,0.244675,0.106799,0.00398354,0.857287,0.00734188,4.15511,1.3474,0.138096,0.128096,0.0640438,4.9103,0.00162611
378.973,0.936669,0.00221847,10,1023,0,-366.606,0.0380114,0.0110387,0.0531705,0.0528603,12.0828,0.159871,0.115368,0.00416572,1.21591,0.00687123,9.8705,1.30754,0.13472,0.129656,0.0617297,4.81379,0.00191827
378.788,0.228654,0.00300432,2,4,1,-361.586,0.0379968,0.0110123,0.053157,0.0528207,12.0936,0.159364,0.115331,0.00416254,1.21695,0.00686956,9.88344,1.30709,0.134658,0.129698,0.0617322,4.81468,0.00191716
379.874,0.993918,0.00088482,10,1023,0,-375.128,0.0380785,0.0108073,0.0521326,0.0555,12.0969,0.164344,0.117559,0.00392171,1.1857,0.00702169,8.75313,1.35514,0.135504,0.127542,0.0615146,4.84475,0.00186925
383.949,0.99625,0.00135652,10,1023,0,-368.025,0.0391488,0.0134812,0.0501804,0.0586355,10.753,0.157617,0.1179,0.00331208,0.808182,0.00703627,10.8788,1.59969,0.134107,0.133533,0.0632182,4.81536,0.00158868
385.013,0.882764,0.00208002,8,327,1,-373.848,0.0388154,0.011621,0.0508109,0.0586181,10.932,0.135923,0.119987,0.00332816,0.938653,0.00714866,9.28,1.63648,0.134037,0.134161,0.0637315,4.8302,0.00138298
384.825,0.231512,0.00249713,2,7,0,-378.669,0.0388127,0.011636,0.0507977,0.0586164,10.9316,0.135993,0.119973,0.00332747,0.93699,0.00715,9.291,1.63704,0.133996,0.134164,0.0637366,4.8301,0.00138404
386.298,0.911272,0.000760591,10,1023,0,-374.938,0.0384924,0.00917914,0.0499299,0.0582632,10.2528,0.122265,0.118587,0.00423718,0.775427,0.00743686,6.30853,1.57022,0.130698,0.135885,0.0657698,4.98288,0.00187619
388.527,0.980132,0.000972482,10,1023,0,-380.654,0.0400355,0.00755434,0.0510549,0.0604204,11.8629,0.11365,0.112622,0.00375301,0.602819,0.00781478,5.18844,1.56013,0.123716,0.145591,0.067483,5.0171,0.00248567
387.221,0.999997,0.0014311,10,1023,0,-383.698,0.039404,0.0079016,0.0509897,0.0608879,10.0723,0.124112,0.105237,0.00362932,0.472574,0.00777798,4.82429,1.36648,0.1188,0.152309,0.0671488,4.97514,0.00376424
387.221,0.00151488,0.00218535,10,1023,0,-376.181,0.039404,0.0079016,0.0509897,0.0608879,10.0723,0.124112,0.105237,0.00362932,0.472574,0.00777798,4.82429,1.36648,0.1188,0.152309,0.0671488,4.97514,0.00376424
386.272,0.99141,0.000425278,10,1023,0,-377.806,0.0393008,0.00906855,0.0509974,0.0608402,9.97174,0.14561,0.104792,0.00360718,0.531033,0.00773864,5.45701,1.31551,0.117224,0.154288,0.0669014,4.95983,0.00433528
385.664,0.999445,0.000639245,10,1023,0,-377.401,0.0390252,0.0090842,0.0504104,0.0609641,10.0179,0.15316,0.102908,0.00364177,0.546362,0.00765983,5.31371,1.29498,0.114593,0.160382,0.0671482,4.91295,0.00363503
382.882,0.894309,0.000972597,10,1023,0,-373.521,0.0391496,0.0105312,0.0520488,0.0645478,10.9844,0.121759,0.0946349,0.0038563,0.900094,0.00782094,9.25906,1.35499,0.11536,0.159291,0.0673353,4.91196,0.00335368
380.109,0.875376,0.00119057,10,1023,0,-370.625,0.0360321,0.0081081,0.0568271,0.0595467,11.021,0.0622585,0.0945069,0.00483238,0.936103,0.00737488,9.0412,1.58664,0.100991,0.179478,0.0659396,4.86996,0.00247956
380.697,0.995826,0.00139988,10,1023,0,-368.797,0.036173,0.00682884,0.0471906,0.0626203,14.9684,0.07246,0.105486,0.00552947,0.925152,0.00762476,7.29905,1.72985,0.10552,0.177004,0.0644414,4.71181,0.00158756
384.32,0.460904,0.0020927,10,1023,0,-376.16,0.037125,0.00734356,0.0482138,0.0622709,15.0963,0.0804758,0.105034,0.00582385,0.934295,0.00769403,7.51865,1.70313,0.102083,0.179392,0.0641645,4.74763,0.00166736
382.05,0.999894,0.00107047,10,1023,0,-374.302,0.0396641,0.00973164,0.0482085,0.065122,7.69312,0.0722201,0.0927161,0.00543713,0.641581,0.00702655,7.65925,1.65038,0.1008,0.183637,0.0649164,4.75812,0.00184295
385.204,0.689742,0.0016089,10,1023,0,-375.199,0.0401044,0.00983393,0.0523414,0.0629132,9.7223,0.086451,0.0936477,0.00524952,0.810274,0.00703514,7.97138,1.76924,0.104754,0.174751,0.0650735,4.80651,0.00206055
383.821,0.977526,0.00130414,10,1023,0,-377.796,0.0414664,0.0151207,0.05168,0.0641463,10.0574,0.229229,0.104537,0.00422004,1.00872,0.00696789,7.91066,1.64471,0.113767,0.156563,0.0656358,4.94943,0.00310388
386.888,0.787254,0.00186642,10,1023,0,-376.815,0.0420125,0.0110282,0.0516355,0.061904,9.04762,0.131411,0.1057,0.00451866,1.14569,0.0071378,6.85315,1.6608,0.119111,0.150966,0.0651656,4.89299,0.00248298
384.852,0.365206,0.00183359,10,1023,0,-379.15,0.0426326,0.0114949,0.0521879,0.0635394,8.93042,0.125148,0.103018,0.00424695,1.37341,0.00734637,7.93039,1.59162,0.120093,0.151144,0.066466,4.92583,0.00327186
384.658,0.990917,0.000791095,10,1023,0,-379.143,0.0425,0.0117499,0.0520851,0.0650461,9.20654,0.12521,0.0982296,0.00430868,1.29013,0.00740215,8.22961,1.65667,0.119484,0.153467,0.0665325,4.89328,0.00310065
385.213,0.993039,0.00115872,10,1023,0,-380.348,0.0432543,0.0131782,0.0513095,0.0648949,8.91817,0.128522,0.102401,0.00437328,1.13595,0.00738481,9.50557,1.63188,0.11424,0.157287,0.0658818,4.9258,0.0027256
383.437,0.862248,0.00169809,10,1023,0,-377.787,0.0424274,0.0123782,0.049928,0.0642976,9.24709,0.146462,0.100628,0.00498948,1.03893,0.00708961,8.24841,1.5567,0.114108,0.155267,0.065703,4.96689,0.00304057
383.151,0.834628,0.00192828,10,1023,0,-371.788,0.0385404,0.0134418,0.0545757,0.0643965,5.08426,0.119024,0.107854,0.00289357,0.636422,0.00698594,4.89277,1.9664,0.105429,0.174103,0.0682394,4.98349,0.000880999
383.151,0.0164579,0.00207443,2,6,1,-376.346,0.0385404,0.0134418,0.0545757,0.0643965,5.08426,0.119024,0.107854,0.00289357,0.636422,0.00698594,4.89277,1.9664,0.105429,0.174103,0.0682394,4.98349,0.000880999
381.496,0.955883,0.000468954,10,1023,0,-373.254,0.0384172,0.0143764,0.0531827,0.0672139,5.2494,0.0999442,0.106293,0.00291818,0.535339,0.00718132,6.69116,1.92416,0.103482,0.17586,0.0681126,4.98712,0.000922865
381.762,0.995922,0.000638562,10,1023,0,-372.708,0.0390629,0.0162228,0.0540491,0.0666936,5.49542,0.123101,0.109606,0.00272388,0.526631,0.00707869,7.06405,1.89307,0.100689,0.178548,0.0673283,4.99435,0.00104537
384.286,0.8463,0.000935222,10,1023,0,-375.533,0.0398104,0.0128284,0.0543783,0.0645503,5.36838,0.119693,0.110217,0.00291996,0.666502,0.0067964,4.21281,2.15564,0.103627,0.178432,0.0669137,4.87256,0.0014469
380.422,0.878685,0.00103026,10,1023,0,-372.757,0.0379882,0.014618,0.0540338,0.0645849,5.25748,0.117374,0.110267,0.00271069,0.621286,0.00687063,5.4498,2.09929,0.0990737,0.187282,0.0670897,4.86733,0.00160127
382.63,0.812975,0.00120485,10,1023,0,-370.79,0.0396057,0.0141008,0.0550981,0.0698437,6.54331,0.136013,0.103583,0.00261241,0.46686,0.00730724,4.95184,2.09476,0.0918066,0.198608,0.0663791,4.8708,0.00166361
386.1,0.998419,0.00124483,10,1023,0,-373.078,0.0401318,0.0135698,0.0519067,0.0621941,5.50106,0.107809,0.1165,0.00410522,0.444218,0.00796817,5.34938,2.1472,0.111292,0.166431,0.0674011,4.89939,0.00267751
388.103,0.95882,0.00181414,9,609,1,-382.011,0.038232,0.0111659,0.0531416,0.0623965,5.70823,0.0815834,0.114676,0.00384424,0.502715,0.0079094,5.1135,2.14359,0.113117,0.160856,0.0673581,4.9624,0.00228173
388.103,0.0300984,0.00244929,1,3,0,-384.033,0.038232,0.0111659,0.0531416,0.0623965,5.70823,0.0815834,0.114676,0.00384424,0.502715,0.0079094,5.1135,2.14359,0.113117,0.160856,0.0673581,4.9624,0.00228173
386.563,0.921508,0.000596751,10,1023,0,-380.426,0.0380544,0.010651,0.0532968,0.0608917,5.83622,0.077004,0.115511,0.00383272,0.515673,0.0078774,5.39712,2.04308,0.114454,0.159134,0.0678751,4.98665,0.00179091
386.49,0.999815,0.000753975,10,1023,0,-380.239,0.0378443,0.0143908,0.054132,0.0617556,6.11112,0.119102,0.113526,0.00356672,0.511351,0.00762968,6.82971,2.04256,0.122741,0.148288,0.0684827,5.03695,0.00216751
388.896,0.996196,0.00109686,10,1023,0,-380.912,0.0393941,0.0114361,0.0561442,0.0583208,6.52115,0.14107,0.106356,0.00424396,0.526514,0.00749271,4.63635,1.85506,0.131872,0.133191,0.0668502,5.0792,0.00234859
385.671,0.792103,0.00158028,10,1023,0,-380.887,0.0412725,0.0109976,0.0569132,0.0559129,5.82371,0.175133,0.101306,0.00462275,0.607301,0.00776677,3.37365,1.78163,0.136961,0.132685,0.0673317,4.99914,0.00233061
384.451,0.759196,0.00156859,10,1023,0,-375.419,0.0421324,0.00772248,0.0596582,0.054098,7.44603,0.111862,0.10193,0.00555255,0.823222,0.00823562,3.3474,1.82613,0.150604,0.115441,0.0660745,5.09263,0.00247724
384.374,0.98331,0.00146733,10,1023,0,-376.644,0.0435169,0.0138785,0.0574975,0.0576833,9.03189,0.123854,0.102235,0.00607085,0.741188,0.00727601,8.8695,2.43442,0.150064,0.116936,0.0662694,5.07539,0.00214037
383.366,0.384606,0.002054,10,1023,0,-374.52,0.0424892,0.0167264,0.0604739,0.0561943,11.1652,0.231011,0.105344,0.00505904,0.47436,0.00690487,8.01046,2.51736,0.135906,0.127693,0.0680315,5.2015,0.00240788
382.703,0.769069,0.000982429,10,1023,0,-373.87,0.0422016,0.017593,0.059811,0.0587105,9.9364,0.269749,0.106359,0.00500304,0.49363,0.0071463,6.52199,2.50378,0.135111,0.128089,0.0679709,5.21303,0.00264548
386.297,0.98269,0.000937718,10,1023,0,-368.195,0.0434952,0.0135147,0.0611534,0.0573979,9.72377,0.17295,0.100294,0.00508137,0.430573,0.00706441,6.05068,2.40297,0.129531,0.134678,0.0667748,5.09921,0.00205944
385.785,0.861932,0.00130819,10,1023,0,-378.333,0.0433337,0.013007,0.0632171,0.0548251,12.2322,0.193768,0.103605,0.00487829,0.434139,0.00697809,6.21958,2.47523,0.132032,0.132876,0.0667149,5.0943,0.00177051
387.488,0.998505,0.00147029,10,1023,0,-374.771,0.0400141,0.0127827,0.0614075,0.0602589,10.4119,0.11791,0.108636,0.00318904,0.841634,0.00670803,7.39619,2.45324,0.113772,0.154427,0.0631155,4.83887,0.00353561
388.129,0.352269,0.00209992,3,15,1,-379.326,0.0400092,0.0127798,0.0614303,0.0602545,10.4061,0.117899,0.108702,0.00318657,0.839613,0.00669659,7.39427,2.45069,0.113791,0.154536,0.0631249,4.84036,0.00353403
387.974,0.999836,0.000962386,10,1023,0,-376.337,0.0408906,0.0122796,0.0614505,0.0580884,10.6608,0.0836612,0.113134,0.00357604,0.747911,0.00698945,9.71688,2.48765,0.118647,0.147411,0.0629949,4.86287,0.0055022
386.659,0.685605,0.00137614,10,1023,0,-378.758,0.0402411,0.00782072,0.0553593,0.0561096,9.86423,0.0673008,0.126069,0.00400334,0.64129,0.00642577,5.307,2.30477,0.117654,0.148141,0.0645978,4.9572,0.0111772
388.509,0.903264,0.00113538,10,1023,0,-378.288,0.0398268,0.00578092,0.0592676,0.0576095,14.8397,0.0874287,0.118123,0.00400264,0.696509,0.00712297,3.06256,2.33784,0.105689,0.166589,0.0659375,4.98742,0.00644891
386.435,0.947854,0.00136845,10,1023,0,-376.619,0.0405102,0.00607453,0.0594266,0.057679,9.27878,0.112479,0.108337,0.00443248,1.31283,0.00711062,1.90758,2.05125,0.0976034,0.188299,0.0684864,4.96012,0.00467115
385.58,0.599124,0.00177901,10,1023,0,-380.091,0.0427666,0.00706892,0.0549021,0.0598871,9.8715,0.114699,0.109763,0.00568939,1.24238,0.00751065,2.80195,1.87135,0.0920089,0.197474,0.0688529,5.01669,0.00252832
385.984,0.944754,0.00126608,10,1023,0,-376.4,0.0430704,0.00736193,0.0553027,0.0579069,9.6993,0.10879,0.112659,0.00574655,1.18742,0.00744467,3.04197,1.95427,0.0903214,0.201885,0.0691149,5.02055,0.00255664
381.217,0.90499,0.00163444,10,1023,0,-372.175,0.0420236,0.00622185,0.0553249,0.0611241,9.03358,0.0506983,0.0989909,0.00624794,1.34776,0.00626228,5.16585,1.73917,0.0972839,0.184496,0.0698228,5.13365,0.00150625
382.708,0.431856,0.00196759,10,1023,0,-374.081,0.0415315,0.00747736,0.0574831,0.0612909,8.41304,0.0700308,0.0969038,0.00597295,1.34734,0.00668599,4.43368,1.95017,0.0948525,0.18956,0.0689003,5.07083,0.00116121
385.561,0.983244,0.00105656,10,1023,0,-379.057,0.040827,0.00815223,0.0570573,0.0633348,10.4233,0.0845368,0.0949204,0.00551987,1.23462,0.00655959,5.62286,1.92284,0.103832,0.170634,0.0679752,5.08583,0.00106239
386.365,0.946288,0.00145288,10,1023,0,-378.194,0.040709,0.00847919,0.0575707,0.0596138,13.9282,0.151214,0.0949596,0.00593008,1.22948,0.00685793,5.29766,1.76479,0.11379,0.157074,0.0690501,5.1232,0.00189595
387.689,0.447108,0.0018725,10,1023,0,-381.493,0.0395566,0.00795015,0.0575762,0.0591081,13.0785,0.17537,0.0957205,0.00576474,0.892742,0.00697252,3.58018,1.95608,0.124498,0.142755,0.0685344,5.13415,0.00192809
387.343,0.991876,0.00103865,10,1023,0,-377.369,0.0395337,0.00863525,0.0601072,0.054975,14.1815,0.187998,0.0964903,0.00593261,0.889625,0.00721702,4.43966,1.95318,0.134469,0.130932,0.0668661,5.07995,0.00210281
385.068,0.824653,0.00144421,10,1023,0,-372.404,0.040249,0.00690366,0.0571322,0.0585671,12.7929,0.07136,0.0821703,0.00676325,0.684744,0.00827202,7.00294,1.69317,0.118226,0.155708,0.0683122,4.97282,0.00262239
381.81,0.706949,0.00151441,10,1023,0,-367.654,0.0431125,0.0071332,0.0663847,0.0599917,20.3597,0.0858562,0.0870077,0.00455937,0.642758,0.00755245,6.58866,2.38961,0.112433,0.161324,0.0671175,4.96309,0.00109435
382.874,0.999946,0.00130453,10,1023,0,-370.581,0.0438215,0.0102694,0.0715116,0.0538862,16.4355,0.108924,0.0903939,0.00421036,0.702495,0.00724663,8.28483,2.42482,0.110476,0.168194,0.0660609,4.80621,0.00196048
384.799,0.996691,0.00183057,10,1023,0,-374.063,0.0412387,0.00943038,0.051644,0.0602085,15.3137,0.133967,0.0911674,0.00685664,0.667034,0.00842625,7.71941,1.81026,0.114001,0.164065,0.0682848,4.89751,0.00289541
378.543,0.0392394,0.00254897,10,1023,0,-372.85,0.0457468,0.00658363,0.0587288,0.0609724,7.97706,0.0373564,0.0917407,0.00457069,0.807717,0.00697628,5.76351,1.98874,0.0994012,0.188368,0.0664992,4.78443,0.00335334
382.434,0.999075,0.000729055,10,1023,0,-368.213,0.0470609,0.01089,0.0631133,0.0606631,6.66446,0.084999,0.0865474,0.00375722,0.723603,0.00687379,6.2203,1.85213,0.103372,0.175226,0.0655629,4.86094,0.00515509
381.869,0.987588,0.00102001,10,1023,0,-375.363,0.0461982,0.0167781,0.061285,0.0616547,5.87251,0.122965,0.0938812,0.00376883,0.77701,0.00723126,7.5513,2.09004,0.101831,0.182845,0.066066,4.80377,0.00432662
386.606,0.938155,0.00139727,10,1023,0,-372.163,0.0428397,0.0125332,0.0577628,0.0560422,7.6327,0.113351,0.119843,0.00331553,0.648399,0.00741722,6.43114,1.98467,0.104178,0.176089,0.0658486,4.84263,0.0051246
387.726,0.633775,0.00176178,10,1023,0,-381.243,0.0409784,0.0122864,0.0621941,0.0564359,9.16097,0.14981,0.106855,0.0041832,0.581966,0.00828707,5.24455,2.16047,0.109852,0.16574,0.0674042,4.9408,0.00319427
387.223,0.962395,0.00135094,10,1023,0,-380.522,0.0426211,0.0143978,0.0644477,0.0551897,9.89865,0.151849,0.10871,0.0036265,0.795019,0.00754463,7.95503,2.16954,0.115122,0.158497,0.0684072,4.99676,0.00506242
389.727,0.751409,0.00176917,10,1023,0,-379.385,0.0425353,0.0141097,0.065259,0.0543322,10.0991,0.141005,0.109478,0.00339015,0.79291,0.00752892,8.43026,2.15027,0.113377,0.160414,0.0681137,4.99559,0.00520185
387.296,0.769539,0.00164383,10,1023,0,-384.227,0.0428294,0.0150613,0.0683038,0.0526504,7.93997,0.129463,0.109625,0.00385431,1.14517,0.00787405,7.89774,2.12661,0.108738,0.165707,0.0672736,4.97496,0.00523181
388.028,0.989546,0.00157342,10,1023,0,-379.692,0.042577,0.0115615,0.0629213,0.0550192,7.17041,0.120772,0.111121,0.00366466,0.872114,0.00882615,4.69896,2.14141,0.11738,0.160201,0.0686073,4.90876,0.00413244
384.77,0.401353,0.00214567,8,458,1,-380.167,0.04256,0.0125717,0.0633158,0.0531964,7.38306,0.136407,0.113155,0.0037143,0.805509,0.00888491,5.05857,2.14967,0.118836,0.16071,0.0689572,4.87474,0.00411129
383.215,0.904109,0.0011377,10,1023,0,-377.994,0.0433697,0.0171373,0.0607103,0.0572752,7.3627,0.209068,0.114789,0.00349276,0.704661,0.00892032,6.30875,1.95431,0.115397,0.156601,0.0671626,4.96151,0.00246484
383.173,0.768752,0.00135222,10,1023,0,-371.022,0.0436289,0.01498,0.0610027,0.0513408,7.91727,0.111695,0.108131,0.00501066,0.484324,0.00873546,8.98704,2.26483,0.118131,0.160387,0.0666978,4.78531,0.0016338
388.315,0.961712,0.0012941,10,1023,0,-377.897,0.0407126,0.00789096,0.0610441,0.050244,8.94395,0.0825355,0.121988,0.00507459,0.459336,0.00871463,3.88602,2.23046,0.115631,0.155959,0.0677362,5.00731,0.00341856
388.632,0.338034,0.00168282,10,1023,0,-378.134,0.0408029,0.00709166,0.0585066,0.0530553,9.09362,0.0886073,0.123652,0.00464753,0.45922,0.00872196,3.0085,2.24255,0.117673,0.15346,0.0678024,5.01494,0.00327019
387.026,0.99514,0.000814221,10,1023,0,-378.481,0.0401291,0.0070477,0.0553813,0.0555352,10.1642,0.0819901,0.128991,0.00485173,0.393354,0.00842236,3.23943,2.50239,0.121777,0.14665,0.0679581,5.05069,0.00447706
387.107,0.999879,0.00111587,10,1023,0,-379.083,0.0398049,0.00755837,0.0538877,0.0548762,10.4033,0.0938722,0.12868,0.00517217,0.417115,0.00830028,3.43174,2.51413,0.123156,0.146376,0.0680973,5.02675,0.00479842
385.97,0.605759,0.00153769,10,1023,0,-381.521,0.0401057,0.00969411,0.0523759,0.0552097,9.31105,0.106013,0.131933,0.00531501,0.403735,0.00819283,4.61619,2.35839,0.118683,0.153057,0.0691579,5.07077,0.00546884
386.587,0.769376,0.00113995,10,1023,0,-378.011,0.0396496,0.0103782,0.0521675,0.0556168,9.96116,0.10385,0.132903,0.00484154,0.479238,0.00827201,5.68715,2.35012,0.112951,0.16357,0.0699916,5.02796,0.00615662
384.69,0.992685,0.00109337,10,1023,0,-378.601,0.039423,0.0081003,0.0512421,0.0583086,9.84266,0.0948968,0.137869,0.00518098,0.516114,0.00814023,3.34374,2.40715,0.100107,0.182311,0.070993,5.1147,0.00488926
384.986,0.993022,0.00148555,10,1023,0,-376.473,0.0375275,0.00557657,0.0534185,0.0531511,10.8427,0.128916,0.136243,0.00594633,0.789747,0.00883901,1.38795,2.42243,0.10985,0.170451,0.0687065,4.93096,0.00260361
379.978,0.133482,0.0020157,10,1023,0,-373.927,0.0368007,0.00427723,0.0505617,0.0500279,10.5024,0.0738434,0.142183,0.00764235,0.713672,0.00915524,1.5561,2.13999,0.107709,0.173634,0.070803,5.02951,0.00225088
380.85,0.999355,0.000720934,10,1023,0,-371.816,0.0369546,0.00427383,0.0507415,0.0499726,10.3448,0.0728183,0.142654,0.00760822,0.723722,0.00921106,1.56216,2.11813,0.107488,0.173409,0.0706413,5.03466,0.00229674
380.576,0.877229,0.00098813,10,1023,0,-376.007,0.0369641,0.00415492,0.0507295,0.050033,10.2282,0.0726002,0.141479,0.00756563,0.730504,0.00922617,1.47352,2.12265,0.107528,0.173698,0.0706057,5.02311,0.00229858
380.419,0.941742,0.00112005,10,1023,0,-369.373,0.0394475,0.00767582,0.0583315,0.046389,11.3251,0.0988946,0.137319,0.00633236,0.86264,0.00908023,4.38147,2.05584,0.115542,0.164049,0.0729353,5.12684,0.00155814
378.012,0.92196,0.00140072,10,1023,0,-370.021,0.0378306,0.0081212,0.0548497,0.047287,12.4532,0.191503,0.152687,0.00505819,0.407984,0.00939768,2.87096,1.97316,0.120874,0.152518,0.0719421,5.18025,0.00144169
386.664,0.994905,0.00169723,10,1023,0,-374.085,0.0386137,0.00629593,0.0585862,0.0510269,9.65059,0.121146,0.135714,0.00456776,0.556883,0.00854837,1.90714,2.18326,0.121191,0.150216,0.0698362,5.10566,0.00192748
386.013,0.0865826,0.00229612,2,5,1,-378.08,0.0386154,0.00628403,0.0585841,0.0510322,9.64341,0.1208,0.135736,0.00456833,0.556796,0.00854525,1.90949,2.18347,0.121172,0.150218,0.0698293,5.10562,0.00192876
385.94,0.816907,0.00077814,10,1023,0,-377.966,0.0386458,0.00620424,0.0586743,0.0492257,9.38211,0.122348,0.137338,0.00460318,0.564743,0.00846259,1.83409,2.18596,0.119726,0.150787,0.0698224,5.12741,0.00195623
386.915,0.99328,0.000803887,10,1023,0,-378.687,0.0376668,0.00569017,0.0577814,0.0488386,9.29488,0.113828,0.139698,0.00477306,0.609886,0.00853447,1.73786,2.13959,0.128598,0.140614,0.070024,5.1434,0.0024517
390.023,0.991753,0.00108434,10,1023,0,-379.981,0.0369244,0.00957876,0.0574019,0.0514908,12.8711,0.141823,0.133209,0.0049455,0.742985,0.00849265,5.51804,2.13258,0.136561,0.130292,0.0686048,5.13152,0.0049686
381.571,0.765624,0.00145676,10,1023,0,-372.41,0.0370346,0.00849015,0.0486374,0.0645406,11.4112,0.0572157,0.0977316,0.00761301,1.07203,0.00789517,11.9928,1.70916,0.1309,0.13402,0.0680034,5.13772,0.00672047
383.643,0.997756,0.00139026,10,1023,0,-373.066,0.0379273,0.00503678,0.0504386,0.0707316,11.3423,0.0267269,0.0939045,0.00573057,0.988393,0.00838655,7.80871,1.94674,0.135084,0.132473,0.0700097,5.16316,0.0137405
390.516,0.998063,0.00188015,10,1023,0,-377.945,0.0394461,0.00976432,0.0556096,0.0581155,12.5548,0.0999171,0.121127,0.00420245,0.796241,0.00899955,6.87312,2.29389,0.126451,0.143958,0.0662372,4.88729,0.00705778
390.516,0.013678,0.00253951,1,3,0,-386.239,0.0394461,0.00976432,0.0556096,0.0581155,12.5548,0.0999171,0.121127,0.00420245,0.796241,0.00899955,6.87312,2.29389,0.126451,0.143958,0.0662372,4.88729,0.00705778
389.615,0.992485,0.000788173,10,1023,0,-381.074,0.0376901,0.00748891,0.058526,0.0626525,14.1046,0.0680664,0.106815,0.00383591,0.799795,0.00886841,6.83813,2.25163,0.132369,0.133415,0.0661758,4.98254,0.0142613
389.516,0.999686,0.00105654,10,1023,0,-381.295,0.037598,0.00797104,0.0588095,0.0626473,13.8778,0.0624113,0.101938,0.00412179,0.645631,0.00875632,8.11052,2.32408,0.133442,0.133299,0.0655445,4.93476,0.0145651
387.498,0.972798,0.00142917,10,1023,0,-382.789,0.0360053,0.00634966,0.0565052,0.0639421,11.9355,0.0412546,0.101798,0.00393583,0.684467,0.00840689,7.18633,2.10154,0.123683,0.143971,0.0647986,4.8785,0.0134691
382.898,0.572293,0.00185471,10,1023,0,-377.095,0.0375836,0.00741368,0.0505115,0.0613514,12.8429,0.039745,0.108064,0.00556503,0.540903,0.0085782,10.0407,2.43065,0.131935,0.133047,0.0617439,4.74597,0.0215313
378.92,0.905491,0.00133083,10,1023,0,-371.716,0.036528,0.00679556,0.0503051,0.072467,11.9359,0.0690201,0.0904192,0.00577956,0.658509,0.00893064,3.78047,2.70539,0.125772,0.142772,0.0615114,4.65235,0.0174802
382.181,0.799002,0.00156223,10,1023,0,-370.703,0.0398977,0.0053138,0.051437,0.07251,18.1781,0.0791083,0.0862527,0.00490871,0.783121,0.00778659,3.99284,2.1967,0.12071,0.147731,0.0634557,4.78774,0.0177746
380.75,0.997331,0.0015671,10,1023,0,-373.135,0.0393084,0.00553713,0.0501053,0.0724536,20.1512,0.0773879,0.0851985,0.00515089,0.712998,0.00786288,5.02421,2.22741,0.126074,0.143789,0.064324,4.78351,0.0160852
379.216,0.405073,0.00210158,10,1023,0,-368.217,0.0376041,0.0137571,0.0617312,0.0548301,17.5357,0.194034,0.0967578,0.00476923,1.18766,0.00839269,12.6236,2.04885,0.151977,0.117191,0.0608188,4.68585,0.0166126
386.22,0.98028,0.00118501,10,1023,0,-373.542,0.0378273,0.0106548,0.06355,0.0585007,20.8405,0.191919,0.0963819,0.00450074,1.04486,0.00832789,7.51895,2.34279,0.143095,0.121175,0.0613297,4.79274,0.0141129
388.274,0.656857,0.00154889,10,1023,0,-377.949,0.039086,0.0113911,0.0614286,0.055252,16.5945,0.137537,0.11255,0.00469983,1.32911,0.00881138,9.80098,2.25366,0.141508,0.123962,0.0639266,4.87919,0.0212388
387.801,0.980143,0.00126381,10,1023,0,-380.487,0.0394153,0.0112816,0.0621533,0.0546241,16.0606,0.133817,0.113101,0.00459418,1.37905,0.00879867,9.37144,2.27745,0.138317,0.127513,0.063895,4.85347,0.0202479
385.248,0.999836,0.00164891,10,1023,0,-379.663,0.0396032,0.00890303,0.0606573,0.0532423,10.6566,0.0907476,0.117679,0.00467794,1.24544,0.00993572,6.31244,2.10366,0.151892,0.11517,0.0635462,4.87251,0.0217172
385.248,0.0451656,0.00221038,3,13,1,-378.491,0.0396032,0.00890303,0.0606573,0.0532423,10.6566,0.0907476,0.117679,0.00467794,1.24544,0.00993572,6.31244,2.10366,0.151892,0.11517,0.0635462,4.87251,0.0217172
385.369,0.997337,0.000747377,10,1023,0,-373.654,0.0390668,0.00657489,0.0568197,0.0530603,13.1531,0.0763111,0.119888,0.00526214,1.11357,0.00970173,5.7671,1.89635,0.150659,0.116107,0.0648741,4.94202,0.0221755
384.143,0.990939,0.000998774,10,1023,0,-372.477,0.0393825,0.00633942,0.0573336,0.0509627,13.7151,0.0659112,0.119989,0.00540482,1.03883,0.00960178,7.08119,1.72093,0.153397,0.114086,0.0647722,4.9448,0.0212067
383.571,0.995625,0.00132056,10,1023,0,-376.398,0.0374126,0.00630199,0.0602299,0.0453954,12.4129,0.0527109,0.124802,0.00536338,0.695976,0.00991137,7.69968,1.69144,0.145962,0.122325,0.0650833,4.89095,0.01912
385.527,0.45963,0.00175523,10,1023,0,-377.719,0.0373676,0.00450255,0.0566733,0.0542832,14.322,0.045416,0.120494,0.00498487,0.694546,0.0101872,3.83344,2.2902,0.133727,0.136336,0.0661856,4.86083,0.0198427
387.305,0.936901,0.00108447,10,1023,0,-378.388,0.0369618,0.00423356,0.0555637,0.0552725,14.5877,0.0437084,0.122721,0.00491502,0.702942,0.00955375,3.65239,2.2209,0.129477,0.137691,0.0653184,4.89616,0.0153602
386.652,0.776636,0.0013246,10,1023,0,-375.738,0.037143,0.00355421,0.055899,0.0544558,14.0948,0.0383573,0.1254,0.00426673,0.726794,0.00943063,2.94979,2.13111,0.129637,0.140424,0.0655221,4.8389,0.0150209
384.022,0.905556,0.00128743,10,1023,0,-378.444,0.037466,0.00354035,0.0570258,0.0534341,15.2014,0.0434098,0.127618,0.00421218,0.751751,0.00927226,2.53931,2.40469,0.130409,0.139843,0.0659294,4.84719,0.017577
379.63,0.626381,0.00150205,10,1023,0,-371.565,0.0408396,0.00271407,0.0605366,0.0500796,7.74821,0.112454,0.129608,0.00465235,0.805012,0.00915812,0.343258,1.97229,0.125767,0.139992,0.0680497,5.05243,0.0296346
373.346,0.708022,0.00118054,10,1023,0,-367.681,0.0398807,0.00258503,0.063577,0.0485575,7.51895,0.147023,0.131335,0.00455714,0.977901,0.00970882,0.225287,2.03444,0.132897,0.135584,0.0689998,5.03551,0.0274185
377.74,0.981893,0.00104218,10,1023,0,-361.25,0.0395697,0.00256874,0.064738,0.0472762,7.70699,0.135263,0.128578,0.00452229,0.993151,0.00977999,0.250727,2.0597,0.129181,0.136599,0.068513,5.07671,0.0265668
380.407,0.971066,0.00135272,10,1023,0,-371.312,0.0392667,0.0024991,0.0608321,0.0480981,8.16171,0.111365,0.133851,0.00487584,0.826004,0.00914412,0.327435,1.93577,0.133501,0.134679,0.0693479,5.10434,0.0165177
383.33,0.730512,0.00172712,10,1023,0,-375.908,0.0399948,0.0040461,0.0632657,0.0503979,7.69422,0.076976,0.122246,0.00449327,0.844109,0.00863431,1.12957,1.98452,0.129946,0.134686,0.068267,5.11154,0.0212415
377.361,0.998929,0.00157333,10,1023,0,-369.829,0.0410478,0.00160357,0.065744,0.0436788,10.0883,0.029863,0.135461,0.00488102,0.615666,0.00770425,0.573404,2.04353,0.121144,0.145171,0.0683054,5.11789,0.0180641
377.507,0.0764452,0.00208512,3,12,1,-371.495,0.0410524,0.00160377,0.0657457,0.0436812,10.0912,0.0298666,0.135462,0.00488414,0.6153,0.00770589,0.57332,2.04246,0.121129,0.145128,0.0683031,5.11772,0.0180619
381.437,0.979814,0.000764379,10,1023,0,-371.064,0.0405907,0.0016092,0.0616657,0.0485226,10.0091,0.0223471,0.126094,0.00500338,0.740208,0.00812199,0.749312,2.19132,0.123508,0.143293,0.0676868,5.06239,0.0169193
381.067,0.830284,0.000986848,10,1023,0,-371.711,0.0405544,0.00163839,0.0630344,0.0499693,11.1737,0.0294216,0.128458,0.0042841,0.777487,0.00751168,0.676331,2.10221,0.126729,0.135233,0.067789,5.17879,0.0160975
383.073,0.999964,0.00103446,10,1023,0,-374.125,0.0384078,0.00210173,0.0604835,0.0487976,10.5575,0.0310213,0.126155,0.0049251,1.05655,0.00813582,1.11557,1.97913,0.133895,0.131377,0.0662173,5.00273,0.0203511
384.486,0.996197,0.00137054,10,1023,0,-379.135,0.037616,0.00205123,0.0607298,0.0499542,10.5621,0.0302615,0.126621,0.00490812,0.977718,0.00829469,1.02926,2.05662,0.135255,0.127075,0.0650913,5.02662,0.0164586
387.44,0.582035,0.00180398,10,1023,0,-376.934,0.0393016,0.00790528,0.0589808,0.0557387,16.1962,0.117015,0.125003,0.00507638,1.0917,0.00664663,4.26988,2.81669,0.125265,0.135887,0.0632579,4.96671,0.0114983
382.103,0.433406,0.0013417,10,1023,0,-370.531,0.0419698,0.00658887,0.0613418,0.0477141,11.1993,0.114377,0.148462,0.00417669,0.492484,0.00826387,2.02018,2.67025,0.118647,0.150842,0.067359,4.98317,0.0161942
379.896,0.999545,0.000814942,10,1023,0,-372.685,0.0410367,0.00640037,0.0624505,0.0468141,10.2209,0.100431,0.147287,0.00360388,0.429339,0.00810146,2.09114,2.56935,0.119498,0.152234,0.0677019,4.94312,0.0226723
381.266,0.986563,0.00107679,10,1023,0,-372.994,0.0412129,0.00680678,0.0636155,0.0463203,10.1751,0.123493,0.144842,0.0035218,0.463276,0.00747917,1.95992,2.57213,0.121044,0.148695,0.0670655,4.94431,0.0199408
382.614,0.523613,0.00139595,10,1023,0,-373.841,0.041766,0.00816549,0.0608998,0.0531504,9.02563,0.189773,0.139682,0.00328583,0.312978,0.00770311,1.57195,2.54272,0.117719,0.142362,0.0648742,5.06283,0.0224325
382.494,0.942552,0.000961983,10,1023,0,-375.177,0.040375,0.00682078,0.0608502,0.0538433,9.66613,0.194919,0.137516,0.00319311,0.279027,0.00789833,1.16763,2.51347,0.117548,0.142733,0.0660121,5.11657,0.0285295
382.291,0.830474,0.00117357,10,1023,0,-374.678,0.039861,0.0078383,0.0622949,0.0529603,9.43566,0.193891,0.13614,0.00326332,0.337248,0.00770042,1.49279,2.50012,0.113888,0.147796,0.0660952,5.10432,0.0301302
382.682,0.79696,0.00122868,10,1023,0,-372.703,0.0414414,0.00632893,0.0646955,0.0498214,8.8997,0.155746,0.135284,0.00306994,0.422689,0.00807336,1.24311,2.33809,0.117587,0.146067,0.0651053,4.98735,0.0237569
384.015,0.958009,0.00122909,10,1023,0,-378.31,0.0399767,0.00551931,0.0649404,0.0509779,7.76409,0.174443,0.128178,0.00274454,0.33033,0.00804468,0.748901,2.43172,0.126381,0.139217,0.0661199,4.97275,0.0251122
383.64,0.586445,0.00152805,10,1023,0,-374.95,0.0410735,0.00378303,0.057517,0.0666968,13.3622,0.0903556,0.105565,0.00287994,0.443604,0.00782656,1.1835,2.20513,0.106395,0.16278,0.0674146,5.08636,0.0199458
383.64,0.0480284,0.00230116,2,4,1,-375.831,0.0410735,0.00378303,0.057517,0.0666968,13.3622,0.0903556,0.105565,0.00287994,0.443604,0.00782656,1.1835,2.20513,0.106395,0.16278,0.0674146,5.08636,0.0199458
383.64,0,0.00586369,0,1,1,-373.71,0.0410735,0.00378303,0.057517,0.0666968,13.3622,0.0903556,0.105565,0.00287994,0.443604,0.00782656,1.1835,2.20513,0.106395,0.16278,0.0674146,5.08636,0.0199458
386.469,0.996992,0.000593314,10,1023,0,-372.051,0.0395846,0.00411873,0.056429,0.0686917,19.8511,0.12461,0.104056,0.0027328,0.41463,0.00824574,1.45757,2.29746,0.110514,0.161539,0.0670985,4.98187,0.0138098
386.301,0.990938,0.000622131,10,1023,0,-383.486,0.0394027,0.0042394,0.0570836,0.0675207,19.8716,0.138379,0.106409,0.00265829,0.415335,0.00817536,1.36778,2.36454,0.111643,0.159775,0.0680099,5.01933,0.0197127
385.964,0.915463,0.000827099,10,1023,0,-376.682,0.0394365,0.00418243,0.0568787,0.0669753,18.4299,0.128007,0.108894,0.00258371,0.394126,0.0081403,1.36764,2.26312,0.107882,0.164439,0.0680568,5.03738,0.0198745
385.489,0.995779,0.00100979,10,1023,0,-372.607,0.0395895,0.00375269,0.0569686,0.066541,19.9487,0.120233,0.108577,0.00270162,0.370508,0.00784004,1.27188,2.31943,0.109664,0.160688,0.0678976,5.07062,0.0166082
388.954,0.822779,0.0016902,10,1023,0,-378.562,0.0399717,0.00587849,0.0607043,0.0607188,15.9656,0.0908094,0.11953,0.00255864,0.527495,0.00785047,3.02795,2.57508,0.117498,0.149647,0.0673311,5.05711,0.0153841
389.074,0.342382,0.00173749,10,1023,0,-376.358,0.0379782,0.0101516,0.0597639,0.0599777,11.9055,0.0867844,0.116335,0.00372601,1.11215,0.00928689,6.81681,2.5942,0.126887,0.143695,0.0643189,4.78411,0.00844646
389.148,0.995387,0.00040226,10,1023,0,-380.588,0.0377488,0.0109816,0.0597652,0.0597828,12.2045,0.0936299,0.113739,0.00376798,1.15287,0.00941061,7.86165,2.48277,0.123547,0.14749,0.0639437,4.75927,0.00769293
388.756,0.987072,0.000731093,10,1023,0,-381.882,0.0376039,0.0126913,0.0612227,0.0577793,11.6574,0.113731,0.113749,0.00366571,1.14949,0.00927687,8.56674,2.41068,0.124687,0.145052,0.0633809,4.74421,0.0143215
387.323,0.988793,0.00131465,10,1023,0,-381.481,0.0369317,0.0127612,0.0581803,0.0641733,12.4004,0.118875,0.1155,0.0030171,1.12531,0.00820054,7.62078,2.70946,0.12176,0.145989,0.0621176,4.73921,0.00884621
386.313,0.174489,0.00239446,2,5,0,-377.029,0.0369338,0.0127694,0.0581656,0.0641723,12.4015,0.118804,0.115535,0.00301924,1.12619,0.00820204,7.6284,2.707,0.121799,0.146048,0.0621202,4.73969,0.0088555
386.094,0.999983,0.000336257,10,1023,0,-377.879,0.0369577,0.0121475,0.0586832,0.0643378,13.6427,0.113371,0.112579,0.00293462,1.03881,0.00840874,7.88684,2.76393,0.123897,0.143404,0.0618109,4.72597,0.00838204
386.648,0.978229,0.000641337,10,1023,0,-377.539,0.0384826,0.0115593,0.0578903,0.0619768,12.1451,0.122825,0.113029,0.003029,1.01401,0.00835333,6.62748,2.63054,0.131918,0.136387,0.0617593,4.70665,0.00619737
384.717,0.998412,0.00114018,10,1023,0,-374.379,0.0376414,0.00703376,0.0546175,0.0653106,8.24044,0.0648496,0.109851,0.00306829,1.49899,0.00848092,4.2774,2.03916,0.141751,0.125619,0.0630101,4.82803,0.00370599
384.717,0.000383067,0.00214875,9,511,0,-373.435,0.0376414,0.00703376,0.0546175,0.0653106,8.24044,0.0648496,0.109851,0.00306829,1.49899,0.00848092,4.2774,2.03916,0.141751,0.125619,0.0630101,4.82803,0.00370599
382.912,0.994571,0.000186552,10,1023,0,-377.973,0.0378557,0.00725604,0.0542157,0.0649494,8.04331,0.070197,0.111408,0.00304849,1.43753,0.00861124,4.10682,2.0429,0.140158,0.125291,0.0627499,4.84397,0.0037956
382.514,0.961851,0.00035023,10,1023,0,-373.78,0.0379,0.00716296,0.0532508,0.0657415,8.36512,0.0696997,0.112928,0.00309972,1.45829,0.00853552,4.25791,2.00336,0.14391,0.122959,0.0629488,4.84837,0.00417433
384.038,0.994339,0.000590839,10,1023,0,-372.087,0.0382129,0.00948747,0.056271,0.0607187,7.25601,0.0758604,0.108327,0.00337312,1.15234,0.00770788,6.10583,2.04351,0.141179,0.125464,0.0639256,4.8779,0.00579174
383.972,0.926179,0.00109132,10,1023,0,-377.103,0.0378848,0.00957268,0.0580297,0.0618401,6.74247,0.0625198,0.10117,0.00362484,1.18426,0.0078028,6.68297,2.07729,0.140731,0.124636,0.0621791,4.8118,0.00703714
384.302,0.959046,0.0016301,10,1023,0,-375.821,0.039605,0.00803205,0.0596788,0.0581887,10.5728,0.0757512,0.100879,0.00341257,1.43104,0.00800191,7.63558,1.74071,0.150327,0.116406,0.062442,4.85206,0.00553432
384.302,0.0351292,0.00266711,2,5,1,-380.17,0.039605,0.00803205,0.0596788,0.0581887,10.5728,0.0757512,0.100879,0.00341257,1.43104,0.00800191,7.63558,1.74071,0.150327,0.116406,0.062442,4.85206,0.00553432
384.385,0.999972,0.000288513,10,1023,0,-378.111,0.0394707,0.00834146,0.0589379,0.0585662,10.0761,0.0746535,0.103357,0.00343558,1.51431,0.00792017,7.88541,1.74118,0.150465,0.116236,0.0622646,4.84621,0.005724
383.989,0.990208,0.000535518,10,1023,0,-376.254,0.0390692,0.00820623,0.0602259,0.0586796,10.2944,0.0816646,0.100199,0.00327492,1.41848,0.00797275,6.9905,1.79179,0.150913,0.115795,0.0619731,4.83385,0.00405205
387.081,0.994491,0.000956681,10,1023,0,-380.419,0.0404543,0.00827484,0.0611133,0.057979,9.39632,0.0947718,0.100541,0.00322954,0.985562,0.00848639,4.87552,2.03375,0.147511,0.121695,0.0624435,4.77185,0.00664289
389.746,0.995124,0.00171354,10,1023,0,-381.037,0.0396052,0.00550343,0.061658,0.0569709,13.8013,0.0762026,0.113862,0.00416088,0.680757,0.00858599,2.77919,2.63384,0.127827,0.139683,0.0658579,4.94216,0.00613228
389.746,0.0923042,0.00304484,2,4,1,-384.444,0.0396052,0.00550343,0.061658,0.0569709,13.8013,0.0762026,0.113862,0.00416088,0.680757,0.00858599,2.77919,2.63384,0.127827,0.139683,0.0658579,4.94216,0.00613228
387.85,0.992462,0.00042439,10,1023,0,-382.392,0.0397177,0.00461789,0.060964,0.0562918,14.0412,0.0808351,0.113352,0.00422339,0.637726,0.0085241,1.98864,2.56481,0.128166,0.139164,0.0661995,4.96103,0.00697434
387.156,0.999999,0.000750242,10,1023,0,-379.739,0.0400898,0.00482292,0.0615835,0.056644,14.2622,0.0905568,0.116328,0.00417885,0.658839,0.00856869,1.83403,2.66577,0.12966,0.13745,0.0656755,4.9328,0.00842071
383.665,0.987244,0.00134138,10,1023,0,-378.2,0.0412837,0.00335985,0.0607971,0.0547487,13.0901,0.0490533,0.109293,0.00554704,0.876919,0.00776845,1.61581,2.73145,0.131643,0.134341,0.0645321,4.91945,0.0089782
385.199,0.102082,0.00229371,7,247,1,-376.576,0.0408444,0.00344432,0.0610693,0.0554176,12.8836,0.0504571,0.110914,0.00557125,0.89677,0.00779418,1.57846,2.70091,0.130168,0.134921,0.0645463,4.92002,0.0103997
385.298,0.999401,0.000351232,10,1023,0,-376.056,0.0397472,0.00382494,0.0595609,0.0575578,13.0283,0.0484524,0.110875,0.00537142,0.867679,0.00788855,1.88293,2.88037,0.128176,0.140396,0.0648246,4.87115,0.00810452
382.835,0.96915,0.000621932,10,1023,0,-376.044,0.0398345,0.00385656,0.0598868,0.0562026,14.5846,0.0520962,0.113283,0.00534979,0.869984,0.00757752,1.96745,2.96797,0.128155,0.140584,0.0657378,4.90322,0.00686478
383.365,0.925384,0.00100633,10,1023,0,-376.889,0.039803,0.00414848,0.0588961,0.057677,15.7865,0.0491403,0.114998,0.0052883,0.784821,0.00736512,2.41966,3.07614,0.122086,0.147511,0.0657924,4.92186,0.00681409
383.248,0.970236,0.00143874,10,1023,0,-373.357,0.0410343,0.00330147,0.0601212,0.0552554,15.5825,0.0674651,0.114277,0.00548285,0.907829,0.00728278,1.40139,2.51719,0.125416,0.139776,0.0653329,4.97238,0.00882718
383.248,0.000117516,0.00230116,9,511,0,-374.632,0.0410343,0.00330147,0.0601212,0.0552554,15.5825,0.0674651,0.114277,0.00548285,0.907829,0.00728278,1.40139,2.51719,0.125416,0.139776,0.0653329,4.97238,0.00882718
385.587,0.998558,0.000290796,10,1023,0,-372.385,0.0406088,0.00302217,0.0598926,0.0546788,17.2199,0.0696412,0.11347,0.00526174,0.93137,0.00730233,1.28436,2.54566,0.123798,0.141663,0.0655483,4.98309,0.0117658
383.638,0.999902,0.000502986,10,1023,0,-375.37,0.041299,0.00267174,0.0612813,0.0545714,17.3344,0.0684602,0.123204,0.00504727,0.748299,0.00754292,0.865632,2.78899,0.120003,0.140266,0.0648503,5.05969,0.0218672
379.787,0.99879,0.00086559,10,1023,0,-369.602,0.0406931,0.00218892,0.0592012,0.057912,22.5498,0.065583,0.123623,0.00485453,0.904776,0.00745879,0.735432,3.07856,0.12704,0.132288,0.0651864,5.0658,0.033775
388.68,0.99714,0.00147301,10,1023,0,-371.47,0.03636,0.00480667,0.0571476,0.0596153,11.9791,0.0618144,0.106922,0.00483688,0.838362,0.00744616,3.1785,2.06114,0.133955,0.127622,0.0664498,5.14162,0.0123381
388.551,0.339092,0.00247612,2,5,1,-384.586,0.0363551,0.0048068,0.0571369,0.0596174,11.9758,0.0618518,0.106894,0.00483424,0.838574,0.0074471,3.17853,2.06225,0.133948,0.127641,0.0664452,5.14183,0.0123641
387.373,0.944492,0.000791283,10,1023,0,-382.941,0.0362963,0.00523856,0.0576302,0.0587399,12.5669,0.0620922,0.106575,0.00482024,0.896158,0.00722632,4.05464,1.98181,0.130089,0.132116,0.0664225,5.11513,0.0132287
387.6,0.801563,0.00116277,10,1023,0,-377.146,0.0369108,0.00557208,0.0525497,0.0563476,12.0168,0.0979738,0.119383,0.00442131,0.782674,0.00697957,3.18301,1.74459,0.127741,0.137814,0.0666247,5.04922,0.00867152
388.79,0.988652,0.00119284,10,1023,0,-381.32,0.0361115,0.00863071,0.0480899,0.0615139,13.24,0.129182,0.119927,0.0057682,0.909671,0.00803474,5.67742,1.91694,0.13149,0.134817,0.0670599,5.05484,0.00458362
387.294,0.0538069,0.00193679,10,1023,0,-380.262,0.036643,0.00825514,0.0476781,0.0618206,13.1519,0.152644,0.119094,0.00570162,0.92296,0.00818384,4.51204,1.87939,0.134591,0.133085,0.0675295,5.04642,0.00446463
388.222,0.999821,0.000319292,10,1023,0,-380.341,0.0368592,0.00801522,0.0467082,0.0642627,12.4026,0.138441,0.121042,0.00551388,1.06164,0.00817709,4.15889,1.96954,0.131881,0.135608,0.0671167,5.01664,0.00736097
387.662,0.998199,0.000533835,10,1023,0,-380.63,0.0364838,0.00718046,0.046872,0.0638716,12.0844,0.103222,0.119447,0.00554592,0.947211,0.00800117,4.4615,1.89882,0.128467,0.13791,0.0668068,5.04068,0.00571602
387.105,0.998491,0.000882631,10,1023,0,-382.272,0.0367394,0.00855687,0.046573,0.0662129,14.1361,0.130253,0.116257,0.00545505,0.992717,0.00741046,5.97742,1.92767,0.130265,0.134676,0.0689838,5.19396,0.00539018
388.801,0.972293,0.00145014,10,1023,0,-381.033,0.0406953,0.00888678,0.0499577,0.0695424,13.4183,0.134788,0.0986159,0.00495686,0.918804,0.00810013,5.84116,1.86441,0.128283,0.139481,0.06833,5.08506,0.00425613
386.496,0.0116368,0.00222373,10,1023,0,-377.688,0.0410017,0.00915564,0.0490151,0.070854,12.7472,0.128227,0.099069,0.00497438,0.920422,0.00809445,6.13524,1.85374,0.127674,0.140398,0.068488,5.09053,0.00408212
# Adaptation terminated
# Step size = 0.000931468
# Diagonal elements of inverse mass matrix:
# 0.00344271, 0.204861, 0.00692106, 0.00974084, 0.115221, 0.191077, 0.0161409, 0.0397187, 0.113875, 0.0106858, 0.541231, 0.0341528, 0.0146643, 0.0195437, 0.000973009, 0.00056005, 0.951622
385.001,0.998893,0.000931468,10,1023,0,-376.201,0.0412661,0.00916532,0.0481636,0.0724191,12.2335,0.121698,0.0933565,0.00499378,0.842493,0.00803738,6.54219,1.81822,0.130979,0.137254,0.0686875,5.08901,0.00307563
385.834,0.976515,0.000931468,10,1023,0,-380.505,0.040188,0.00962161,0.0501012,0.0727637,12.1782,0.099445,0.0905301,0.00508865,0.749617,0.00796197,7.92686,1.99305,0.134664,0.133154,0.067764,5.05602,0.00285334
385.373,0.995532,0.000931468,10,1023,0,-379.819,0.0383631,0.0119451,0.0538082,0.0717167,9.10172,0.0856847,0.0856069,0.0052814,0.874695,0.00801949,9.86665,2.12018,0.13727,0.131622,0.0679598,5.03942,0.00398093
381.479,0.988303,0.000931468,10,1023,0,-371.828,0.042003,0.0170057,0.0526574,0.0665503,8.15645,0.146951,0.0991843,0.00581765,1.18973,0.00902163,10.5222,1.90295,0.117644,0.155648,0.0690128,5.01048,0.00270575
380.645,0.990149,0.000931468,10,1023,0,-371.804,0.0414165,0.0160335,0.0519133,0.0656454,8.47557,0.144152,0.0998097,0.00595092,1.1552,0.00899156,10.1961,1.90033,0.117562,0.155009,0.0687812,5.01638,0.00249594
379.473,0.970859,0.000931468,10,1023,0,-371.542,0.0415088,0.0167145,0.0524799,0.0674224,8.35689,0.150649,0.10181,0.00574392,1.13133,0.00907431,9.81933,1.90314,0.116719,0.15696,0.0691835,5.0209,0.00239389
386.117,0.990779,0.000931468,10,1023,0,-368.639,0.0389445,0.0114581,0.0538456,0.066825,9.66263,0.106548,0.0991924,0.0051346,0.695748,0.00895203,6.46324,2.35881,0.117831,0.159499,0.0704465,5.01731,0.000182221
385.365,0.992997,0.000931468,10,1023,0,-379.786,0.040103,0.00954312,0.0555026,0.0646439,9.36094,0.0948528,0.0974144,0.00565169,0.615951,0.00946718,4.8323,2.36231,0.118418,0.157936,0.069962,5.00255,0.000323867
389.563,0.941684,0.000931468,10,1023,0,-377.099,0.0379652,0.0061892,0.0597254,0.0611761,10.7187,0.0861239,0.0951314,0.00501477,0.864701,0.00851555,3.15843,1.99613,0.114562,0.159299,0.0699613,5.09075,0.00182049
386.096,0.994742,0.000931468,10,1023,0,-378.628,0.0382601,0.00625957,0.0631685,0.0656024,8.31185,0.0730545,0.0888525,0.00469184,0.832289,0.00856438,2.4214,2.29598,0.11269,0.162631,0.0709535,5.12203,0.00281565
385.917,0.999645,0.000931468,10,1023,0,-373.92,0.0384268,0.00614558,0.0622529,0.0655188,8.30894,0.0717465,0.0882506,0.00438408,0.820699,0.0085681,2.57635,2.18706,0.113921,0.160406,0.0710587,5.14656,0.00217097
385.074,0.993102,0.000931468,10,1023,0,-377.711,0.0386921,0.00654594,0.0635141,0.0649805,8.62271,0.0786843,0.0863644,0.00480027,0.765525,0.0085466,2.77057,2.12434,0.114163,0.159274,0.0707352,5.13947,0.00246717
384.469,0.996721,0.000931468,10,1023,0,-376.168,0.0396103,0.00519932,0.0630708,0.0634143,9.49239,0.110908,0.0900138,0.00517972,0.968103,0.00869658,1.29862,2.33354,0.11628,0.158616,0.0713848,5.11908,0.00248108
386.577,0.985062,0.000931468,10,1023,0,-373.515,0.0398125,0.00576939,0.0654759,0.0587566,12.0532,0.0969035,0.08829,0.00584527,1.10173,0.00899955,2.53534,2.10604,0.111122,0.167416,0.0704162,5.03109,0.00394978
385.357,0.992952,0.000931468,10,1023,0,-377.703,0.0369416,0.00571318,0.0658009,0.0591715,14.4231,0.115922,0.089836,0.00525688,1.21578,0.00821133,2.4309,2.13597,0.103922,0.179093,0.0704734,5.03877,0.00118387
381.459,0.92138,0.000931468,10,1023,0,-375.127,0.0367126,0.00584238,0.0639482,0.0575384,19.1458,0.115973,0.0957079,0.00594562,1.44798,0.0101014,3.64445,1.9262,0.108929,0.173133,0.0701615,4.96821,0.000353102
380.046,0.895215,0.000931468,10,1023,0,-368.018,0.0361851,0.0059741,0.0625072,0.0583322,15.1386,0.0869972,0.0961059,0.00602055,1.04496,0.0106349,3.72053,1.95739,0.1046,0.178324,0.0687007,4.92584,0.000621336
384.037,0.983692,0.000931468,10,1023,0,-366.04,0.0362986,0.00732723,0.0676483,0.0539248,16.546,0.10372,0.103959,0.00538773,0.791802,0.00959545,3.63791,2.76758,0.107754,0.176231,0.0686414,4.86582,0.00218534
384.634,0.896292,0.000931468,10,1023,0,-372.644,0.0369975,0.0070335,0.0686971,0.0541328,16.3638,0.108737,0.0981548,0.00550608,0.780452,0.00963762,3.48576,2.58059,0.111221,0.169562,0.0686098,4.89416,0.00222773
382.839,0.993282,0.000931468,10,1023,0,-372.597,0.0366102,0.00716081,0.0684858,0.0546159,10.7511,0.0916883,0.0909601,0.0061354,1.02078,0.0105075,3.28572,2.25209,0.112633,0.169298,0.0694614,4.8905,0.00432252
383.651,0.999003,0.000931468,10,1023,0,-372.467,0.0366139,0.00695528,0.0684908,0.0541438,10.8225,0.0900789,0.0920532,0.00615378,1.02758,0.0105437,3.21901,2.2354,0.11362,0.167859,0.069444,4.89246,0.00470347
379.565,0.847327,0.000931468,10,1023,0,-372.374,0.0361432,0.0079676,0.0676241,0.0568951,11.5253,0.104979,0.0847713,0.00628958,1.22273,0.0107366,4.48442,1.87192,0.111195,0.171004,0.0692375,4.89045,0.00221276
371.463,0.990637,0.000931468,10,1023,0,-366.151,0.0362176,0.00801405,0.0660551,0.0584426,8.78473,0.0949542,0.0782917,0.00759379,1.62539,0.00988137,4.03153,2.00959,0.12248,0.161473,0.0706959,4.85004,0.00206094
376.407,0.986656,0.000931468,10,1023,0,-366.256,0.0363001,0.0088146,0.0648323,0.0608806,9.43563,0.100045,0.0857604,0.00777478,1.71761,0.0105057,4.4132,2.11418,0.117922,0.162626,0.0704024,4.93391,0.00207163
378.287,0.819291,0.000931468,10,1023,0,-366.376,0.0356739,0.00739965,0.0626896,0.0602259,7.03584,0.0745236,0.087958,0.00732854,1.55599,0.0102412,3.40678,2.04182,0.126872,0.148973,0.0698538,4.96602,0.0029404
376.095,0.972204,0.000931468,10,1023,0,-366.086,0.0356434,0.00788404,0.0630998,0.0595334,6.90899,0.0670683,0.0867187,0.00747002,1.72449,0.00991598,4.75129,1.83852,0.129013,0.145101,0.0698744,4.99966,0.00268848
383.567,0.997652,0.000931468,10,1023,0,-369.594,0.0354604,0.00870195,0.0619913,0.0581006,7.00559,0.0772142,0.0932171,0.00586082,1.3914,0.00874381,4.86585,1.91996,0.123578,0.14918,0.0681888,4.96661,0.00187732
380.801,0.96465,0.000931468,10,1023,0,-373.439,0.0353126,0.00937535,0.0631216,0.0579386,5.02286,0.0796498,0.0920963,0.00543598,1.47588,0.00918607,4.04636,1.82161,0.121766,0.152073,0.0683346,4.95396,0.00205906
382.831,0.87534,0.000931468,10,1023,0,-368.404,0.0355419,0.00729919,0.061149,0.057367,5.93851,0.0441142,0.101497,0.00460703,0.970966,0.00898893,4.84288,1.83729,0.110792,0.163824,0.0677301,4.98188,0.00290789
383.754,0.997193,0.000931468,10,1023,0,-378.47,0.0353986,0.00669254,0.0607749,0.0589122,5.58629,0.0405372,0.104793,0.0047886,1.04706,0.00933328,3.86641,1.94293,0.113168,0.161567,0.0687333,5.01269,0.00271548
384.164,0.993201,0.000931468,10,1023,0,-375.389,0.0362117,0.00577288,0.060352,0.0594415,5.97181,0.0355212,0.0983846,0.00493623,1.10541,0.00909057,3.912,1.76601,0.112101,0.164089,0.0691215,5.00206,0.00361867
385.071,0.953868,0.000931468,10,1023,0,-375.892,0.0368048,0.00498451,0.0586113,0.0577476,8.2947,0.0227617,0.103933,0.00457678,0.734865,0.00880033,6.20314,1.80285,0.104878,0.178952,0.0724783,5.10331,0.00244645
387.416,0.999619,0.000931468,10,1023,0,-375.576,0.0381063,0.00468889,0.0551975,0.0583171,10.7398,0.0299595,0.110817,0.00488569,0.931256,0.0080134,5.7615,1.74622,0.104378,0.176363,0.0719637,5.1515,0.00302019
386.994,0.998049,0.000931468,10,1023,0,-376.627,0.0390563,0.00374957,0.055612,0.0588763,11.0853,0.031521,0.109965,0.00434663,0.781711,0.00816361,3.71865,1.75312,0.11073,0.167384,0.0727555,5.18512,0.0020386
385.932,0.996432,0.000931468,10,1023,0,-379.333,0.0395082,0.00315548,0.0536461,0.0587671,12.6193,0.028893,0.110696,0.00445938,0.772765,0.00784393,3.44613,1.67478,0.108427,0.171674,0.072429,5.14641,0.00208667
386.415,0.986434,0.000931468,10,1023,0,-379.288,0.039595,0.00345925,0.05349,0.0587123,12.3605,0.0302926,0.109814,0.00446492,0.788116,0.00784837,3.9394,1.65363,0.109022,0.170184,0.0718733,5.12971,0.00215506
385.762,0.925601,0.000931468,10,1023,0,-380.163,0.0395852,0.00267866,0.0540467,0.0580706,15.1741,0.0322738,0.111119,0.00431839,0.706059,0.00796214,2.79789,1.62707,0.114306,0.159282,0.070821,5.14913,0.00200614
383.309,0.854245,0.000931468,10,1023,0,-376.729,0.0386442,0.00277517,0.0545653,0.059289,14.9768,0.0284276,0.108288,0.00456122,0.696302,0.00808823,3.19235,1.76975,0.11895,0.151792,0.070837,5.18359,0.00182277
384.333,0.999688,0.000931468,10,1023,0,-375.394,0.0383967,0.00268119,0.0534995,0.0618422,15.9332,0.0164025,0.108869,0.00447396,0.573152,0.00859849,4.56865,2.10923,0.124238,0.148396,0.0696543,5.04992,0.00209171
386.783,0.976864,0.000931468,10,1023,0,-379.645,0.0396987,0.00292214,0.0529763,0.0613207,14.5636,0.0178767,0.11646,0.00432656,0.565239,0.00904871,4.36388,2.11802,0.120977,0.151689,0.0696298,5.05697,0.00242839
388.215,0.974614,0.000931468,10,1023,0,-379.27,0.0383012,0.00317416,0.054024,0.0598094,16.9023,0.0310589,0.120672,0.00450184,0.586649,0.00862693,3.17594,2.29392,0.119829,0.151241,0.0685854,5.03599,0.00653689
387.418,0.999397,0.000931468,10,1023,0,-380.451,0.0383184,0.00408356,0.054584,0.0627774,17.1202,0.0353684,0.120116,0.00329494,0.503396,0.0078652,4.45338,2.27429,0.108606,0.162579,0.0675047,5.03803,0.0121126
385.528,0.99879,0.000931468,10,1023,0,-376.743,0.0378882,0.0032309,0.0539533,0.0652413,19.219,0.0292874,0.120471,0.00296823,0.467117,0.0082329,3.66919,2.31392,0.110322,0.160538,0.0673435,5.03921,0.00792302
384.636,0.984837,0.000931468,10,1023,0,-376.098,0.0385654,0.00300681,0.0541434,0.0697815,18.3656,0.022922,0.112018,0.00267125,0.590507,0.00807642,3.83578,2.34232,0.115543,0.152781,0.0658036,4.98041,0.00453916
382.896,0.913388,0.000931468,10,1023,0,-377.839,0.0389977,0.00307242,0.0541369,0.0696011,18.7816,0.02519,0.109932,0.00277357,0.591461,0.00802747,3.88143,2.2779,0.115868,0.150209,0.0652793,4.99913,0.00498826
385.817,0.999233,0.000931468,10,1023,0,-380.179,0.0383061,0.0032096,0.0527778,0.0679734,19.3639,0.023034,0.115527,0.00298025,0.705199,0.00780343,4.67373,2.37608,0.118517,0.150776,0.0658379,4.93566,0.0073661
383.888,0.906332,0.000931468,10,1023,0,-378.231,0.0385634,0.00429076,0.0526292,0.0652396,18.5381,0.031503,0.117222,0.00291114,0.651228,0.00711942,6.28627,2.36471,0.126688,0.141043,0.0654351,4.91951,0.00889187
385.486,0.999324,0.000931468,10,1023,0,-375.652,0.0395118,0.00406693,0.0536481,0.0667765,18.2902,0.0320362,0.114818,0.00324662,0.700259,0.00699678,5.11003,2.47842,0.125262,0.138318,0.0640281,4.95537,0.00592382
384.538,0.899712,0.000931468,10,1023,0,-376.489,0.0399567,0.0041799,0.0535942,0.0662485,18.7953,0.0325838,0.113615,0.00316239,0.723594,0.00715739,5.63156,2.46188,0.127259,0.137428,0.0645568,4.95812,0.00666126
381.678,0.979147,0.000931468,10,1023,0,-371.552,0.0413891,0.0052313,0.0552679,0.0705864,11.1873,0.0330755,0.10655,0.00304572,0.638743,0.00718838,4.32821,2.88616,0.135714,0.129494,0.064124,4.92985,0.00213688
381.042,0.892401,0.000931468,10,1023,0,-368.018,0.0413038,0.00505034,0.0551763,0.0727293,11.712,0.0310373,0.101611,0.0029471,0.700998,0.00721394,4.29424,3.0777,0.138909,0.128065,0.0645386,4.92023,0.00144494
384.428,0.946488,0.000931468,10,1023,0,-373.441,0.0404882,0.00609059,0.0586098,0.067705,15.2641,0.0532565,0.0932495,0.00357769,0.640514,0.00652843,6.40898,2.38586,0.139932,0.120938,0.0622736,4.96587,0.00238182
384.533,0.985329,0.000931468,10,1023,0,-369.453,0.041004,0.0059342,0.0577689,0.0650279,13.949,0.0582868,0.0991942,0.00351442,0.764948,0.00639926,5.43896,2.24696,0.135176,0.123856,0.062052,4.98597,0.00358989
386.958,0.999996,0.000931468,10,1023,0,-379.149,0.0414119,0.00481242,0.0562468,0.0597162,15.1803,0.0484948,0.110175,0.00350066,0.57515,0.0064818,4.99441,2.17776,0.13617,0.127909,0.0640874,4.97307,0.00175972
387.634,0.9273,0.000931468,10,1023,0,-378.546,0.0394899,0.00408608,0.0566102,0.061204,12.7441,0.0495133,0.114509,0.00403709,0.757822,0.00724274,2.45637,2.45852,0.130365,0.130953,0.0632401,4.97683,0.00392816
390.126,0.977393,0.000931468,10,1023,0,-384.918,0.0396228,0.0052238,0.0582151,0.0588257,12.4538,0.0666806,0.10963,0.00403554,0.822059,0.00727926,3.25374,2.28724,0.133846,0.129865,0.0640469,4.95749,0.0063199
388.355,0.999882,0.000931468,10,1023,0,-383.819,0.0386563,0.00673533,0.0546057,0.0608548,8.95229,0.0693497,0.118762,0.00406397,0.773758,0.00703465,3.37722,2.53102,0.138642,0.125484,0.0639987,4.9628,0.00631676
387.067,0.996126,0.000931468,10,1023,0,-381.337,0.0384619,0.00750488,0.0558068,0.0620991,9.25939,0.0559578,0.116864,0.00412365,0.689269,0.00696745,4.69117,2.80062,0.134688,0.128342,0.0647759,5.03183,0.00340694
388.361,0.977929,0.000931468,10,1023,0,-381.838,0.0374325,0.00878956,0.0544964,0.0641995,10.3493,0.0759912,0.114775,0.00356998,0.738334,0.00724988,5.99671,2.43333,0.128852,0.136166,0.0664107,5.06312,0.00395068
388.388,0.995627,0.000931468,10,1023,0,-381.294,0.0380695,0.00848786,0.0578094,0.0624568,11.8452,0.0586021,0.118409,0.00371226,0.666887,0.00736207,7.08722,2.65296,0.124751,0.139347,0.0660538,5.06791,0.00357687
387.755,0.988965,0.000931468,10,1023,0,-376.077,0.0385651,0.00705602,0.0575566,0.0623599,14.2818,0.0536314,0.116877,0.00329088,0.659105,0.00760072,7.11199,2.40323,0.117354,0.147943,0.0664664,5.08536,0.00308045
387.705,0.979872,0.000931468,10,1023,0,-375.926,0.0385779,0.00730644,0.0576756,0.0633632,14.2802,0.0546116,0.109672,0.00331869,0.633359,0.00810479,7.84142,2.30253,0.11743,0.150938,0.0677643,5.07688,0.00316921
387.023,0.903827,0.000931468,10,1023,0,-376.579,0.0379202,0.00664464,0.0594623,0.0633973,14.8225,0.109848,0.103438,0.00359135,0.804776,0.00672603,3.48764,2.29789,0.115311,0.15298,0.0678775,5.09158,0.00994266
384.433,0.817498,0.000931468,10,1023,0,-378.574,0.0397679,0.00606883,0.0598332,0.0637801,15.8715,0.11766,0.097256,0.00383127,0.854831,0.00653789,3.08417,2.20234,0.11376,0.150424,0.0664033,5.10612,0.0145093
386.374,0.996195,0.000931468,10,1023,0,-375.749,0.03972,0.00665153,0.0580134,0.0631643,14.3947,0.111339,0.103986,0.00331071,0.765408,0.00657063,3.57265,2.1515,0.109025,0.16177,0.0685988,5.11601,0.0121904
386.511,0.986879,0.000931468,10,1023,0,-380.29,0.0419512,0.00858459,0.0600864,0.063407,11.6528,0.175052,0.10538,0.00246976,0.710538,0.00640225,3.20203,1.9495,0.105309,0.164453,0.0681826,5.17102,0.0069541
386.289,0.999249,0.000931468,10,1023,0,-378.926,0.0403058,0.00973726,0.0620765,0.061883,10.9884,0.178528,0.108109,0.00238185,0.761696,0.00610017,3.41562,2.14787,0.100242,0.175305,0.0692568,5.17911,0.00567617
387.178,0.99975,0.000931468,10,1023,0,-375.915,0.0415292,0.00955507,0.0596008,0.0618464,11.1636,0.15603,0.114377,0.00227644,0.647376,0.00613161,3.83641,2.15962,0.104018,0.169393,0.0684046,5.12498,0.00432853
386.115,0.785917,0.000931468,10,1023,0,-379.07,0.0416645,0.00919232,0.0570872,0.0627341,11.4093,0.159615,0.117579,0.00244822,0.611966,0.00623924,3.83709,1.98491,0.104376,0.164945,0.0681385,5.19562,0.00609699
384.228,0.983406,0.000931468,10,1023,0,-379.219,0.0414731,0.00972025,0.0563803,0.0638071,10.5351,0.144922,0.123541,0.002465,0.599427,0.00629669,3.7975,2.19904,0.101705,0.166973,0.0668867,5.16338,0.00544001
381.777,0.969574,0.000931468,10,1023,0,-370.989,0.0406514,0.0094187,0.0551101,0.0648004,10.5942,0.168577,0.124239,0.00220997,0.45474,0.00559982,3.05156,2.3508,0.105601,0.161534,0.0669417,5.17087,0.00805968
385.514,0.992765,0.000931468,10,1023,0,-377.807,0.0407584,0.00954796,0.0554579,0.063704,10.0104,0.160184,0.119343,0.00242588,0.460255,0.00576835,3.45341,2.19019,0.111717,0.151976,0.066552,5.15062,0.0115382
384.755,0.980327,0.000931468,10,1023,0,-378.158,0.042125,0.00915905,0.0528831,0.0700987,12.8154,0.119009,0.107674,0.00260596,0.440474,0.00571962,5.44525,2.2285,0.112531,0.152467,0.0673198,5.15715,0.0118201
384.081,0.999371,0.000931468,10,1023,0,-378.076,0.0412167,0.0101202,0.0499208,0.0727518,16.1373,0.12778,0.107807,0.00285589,0.412958,0.0057692,7.91085,2.2221,0.117103,0.148016,0.0675058,5.15166,0.00711069
383.164,0.940579,0.000931468,10,1023,0,-380.901,0.0406397,0.0107916,0.0504113,0.0730967,16.1533,0.12353,0.108075,0.00283832,0.423119,0.00571214,8.96041,2.29277,0.116793,0.147489,0.0674761,5.17448,0.00691695
384.377,0.97745,0.000931468,10,1023,0,-375.665,0.0395674,0.0100342,0.0494939,0.070958,12.7087,0.144002,0.107921,0.00314976,0.520407,0.00571173,5.79371,2.14546,0.119859,0.143779,0.0664707,5.10915,0.00765957
384.737,0.977382,0.000931468,10,1023,0,-374.25,0.0389129,0.0108429,0.0506664,0.0693687,11.4239,0.152893,0.108827,0.00307712,0.44369,0.00566286,5.75353,2.13335,0.121496,0.140422,0.0657203,5.10781,0.00752107
382.759,0.977684,0.000931468,10,1023,0,-377.497,0.0405659,0.0111708,0.0480267,0.0688287,15.6369,0.159641,0.118319,0.00288554,0.446652,0.00539268,7.5778,2.18762,0.113712,0.152812,0.065026,4.99423,0.00641434
385.122,0.990344,0.000931468,10,1023,0,-377.127,0.0420944,0.0112335,0.0504356,0.0628496,16.0068,0.182955,0.127471,0.0030546,0.552872,0.00564654,6.61585,2.24633,0.111179,0.156296,0.0647542,4.97171,0.00712215
386.225,0.973742,0.000931468,10,1023,0,-376.726,0.043185,0.0131678,0.0516714,0.0641737,14.6983,0.180706,0.119713,0.00299957,0.54013,0.0059276,8.59401,2.22698,0.115665,0.150361,0.0652611,5.00201,0.00697407
384.738,0.953922,0.000931468,10,1023,0,-378.993,0.0416764,0.0134801,0.0497602,0.0631717,13.2919,0.188687,0.131551,0.00305004,0.459732,0.00609374,7.8204,2.17367,0.1183,0.144223,0.0644346,5.01222,0.0126921
383.791,0.944084,0.000931468,10,1023,0,-375.261,0.0423426,0.0119088,0.0499228,0.0625176,11.8823,0.155003,0.127986,0.00293827,0.461342,0.00610063,7.38676,1.94064,0.117848,0.144865,0.0634325,4.96487,0.00729155
381.93,0.992631,0.000931468,10,1023,0,-370.36,0.0421705,0.0151782,0.0509579,0.0600286,10.2514,0.225798,0.127043,0.00340625,0.457792,0.00633912,7.51694,1.91763,0.12919,0.130635,0.0632874,5.00414,0.0102237
385.281,0.997957,0.000931468,10,1023,0,-375.583,0.0402775,0.0134548,0.0485429,0.0627858,9.87321,0.178755,0.12446,0.00340169,0.466418,0.00648685,6.82317,2.01164,0.122168,0.141044,0.063645,4.94274,0.0090886
381.609,0.807882,0.000931468,10,1023,0,-367.35,0.0404893,0.0178547,0.0493906,0.0637065,8.80226,0.166753,0.116876,0.00410349,0.667088,0.00629414,10.522,2.13669,0.118972,0.144888,0.0626734,4.89352,0.00651733
385.777,0.999938,0.000931468,10,1023,0,-375.884,0.0402358,0.010121,0.0525215,0.0590621,12.6516,0.155358,0.122323,0.00486324,0.861852,0.00642108,4.65868,2.58941,0.130564,0.13486,0.0625638,4.82953,0.00446509
384.426,0.987835,0.000931468,10,1023,0,-374.981,0.0427028,0.0139153,0.0493846,0.0606433,9.97882,0.120838,0.119348,0.0049293,0.83287,0.00628691,10.1228,2.20585,0.123341,0.142693,0.0630609,4.86087,0.00222448
382.764,0.937158,0.000931468,10,1023,0,-377.201,0.0420947,0.0125687,0.0510015,0.0621507,6.64209,0.101754,0.115817,0.00437141,0.769656,0.00633639,6.66617,2.11933,0.127009,0.135996,0.0619604,4.86668,0.00299762
379.767,0.906681,0.000931468,10,1023,0,-370.339,0.040678,0.01297,0.052207,0.0626169,6.20473,0.101381,0.113921,0.00468231,0.709534,0.00623009,6.19267,2.22588,0.123762,0.134987,0.0612235,4.90798,0.0054666
381.368,0.999992,0.000931468,10,1023,0,-372.5,0.0403948,0.012925,0.0511855,0.0622524,5.84556,0.119814,0.118792,0.00446029,0.776006,0.00645028,5.02051,2.15136,0.119666,0.140176,0.0616414,4.90919,0.00743764
382.921,0.958949,0.000931468,10,1023,0,-371.156,0.0389057,0.0124528,0.0509763,0.0622092,4.96226,0.0901605,0.11389,0.00420199,0.639119,0.00632062,5.16789,2.24262,0.121735,0.144969,0.0631644,4.8326,0.00765601
382.971,0.999627,0.000931468,10,1023,0,-373.429,0.0389061,0.0117994,0.0504756,0.062365,4.7998,0.0808819,0.117443,0.00417864,0.522872,0.00645689,5.02626,2.158,0.119331,0.144465,0.0623032,4.86034,0.00767961
385.585,0.989928,0.000931468,10,1023,0,-376.04,0.0412965,0.00918932,0.0536527,0.06097,5.69949,0.071584,0.120892,0.00447337,0.504373,0.00733237,3.31933,2.56881,0.116954,0.148225,0.0638761,4.90337,0.0170072
385.712,0.99249,0.000931468,10,1023,0,-378.198,0.0412335,0.00882598,0.0539182,0.0604879,5.87716,0.0658147,0.120574,0.00430036,0.490977,0.0072079,3.45491,2.60242,0.116703,0.147835,0.0636103,4.90942,0.0155641
384.706,0.917336,0.000931468,10,1023,0,-378.37,0.0407009,0.00874245,0.0527019,0.0617538,5.90638,0.0645551,0.124498,0.00418992,0.496408,0.00723138,3.39274,2.60206,0.118029,0.147618,0.0635443,4.87718,0.01199
384.641,0.940867,0.000931468,10,1023,0,-377.64,0.0399258,0.00779588,0.0529317,0.0641517,4.70918,0.0684276,0.116814,0.00391746,0.519677,0.00768629,2.15174,2.52766,0.120739,0.142723,0.0640204,4.9075,0.0275924
386.524,0.946597,0.000931468,10,1023,0,-378.009,0.040486,0.00839428,0.0548246,0.0660034,6.50849,0.0852672,0.10612,0.00420672,0.473422,0.00744147,2.79744,2.5703,0.126104,0.135605,0.0644993,4.99426,0.0190967
386.856,0.984125,0.000931468,10,1023,0,-376.095,0.0406983,0.00845078,0.0532459,0.0660209,9.88963,0.124436,0.110083,0.00429754,0.455886,0.00744052,2.83949,2.67968,0.12506,0.138608,0.0637838,4.94594,0.00653304
387.698,0.958271,0.000931468,10,1023,0,-381.219,0.0396755,0.00830383,0.052188,0.0635685,9.98912,0.169833,0.118407,0.00401816,0.436768,0.00711729,2.14116,2.56771,0.123252,0.140866,0.0637605,4.91921,0.00761415
385.201,0.967842,0.000931468,10,1023,0,-379.624,0.0409759,0.00841723,0.0522377,0.0626583,12.0402,0.185349,0.11786,0.00401438,0.552153,0.00679481,2.66833,2.39401,0.12149,0.139574,0.0629009,4.94944,0.00720474
386.029,0.97475,0.000931468,10,1023,0,-372.674,0.0413236,0.00787452,0.05382,0.0639655,13.3153,0.140265,0.11112,0.00419188,0.690911,0.00683622,3.0804,2.80347,0.140561,0.123976,0.0620393,4.84813,0.00823904
384.548,0.907145,0.000931468,10,1023,0,-376.03,0.0408741,0.00811942,0.0572316,0.0650867,17.8115,0.132822,0.0965547,0.00419739,0.64298,0.00689265,4.55353,2.83598,0.138639,0.125365,0.0613127,4.80544,0.0114282
385.553,0.933512,0.000931468,10,1023,0,-374.981,0.040925,0.00726744,0.0569224,0.0659456,18.574,0.110507,0.104179,0.00409499,0.657106,0.00724008,4.04543,3.0134,0.133544,0.129324,0.0620246,4.85591,0.0127861
386.233,0.996815,0.000931468,10,1023,0,-380.229,0.0426211,0.00791083,0.0585389,0.0654756,14.0884,0.0760976,0.0927029,0.00411795,0.786762,0.00710082,6.57758,2.47175,0.132293,0.133683,0.0625044,4.82327,0.00333651
381.316,0.981972,0.000931468,10,1023,0,-374.496,0.0423816,0.00675223,0.0541592,0.0672518,12.2958,0.140645,0.0822021,0.00394966,0.686772,0.00736096,3.47557,1.62394,0.133273,0.13364,0.061925,4.76519,0.00235807
381.849,0.852313,0.000931468,10,1023,0,-373.444,0.0431152,0.00660232,0.0534395,0.0646607,11.2444,0.126789,0.0846666,0.00399771,0.619063,0.00782473,3.46624,1.59072,0.133421,0.134968,0.0618083,4.71201,0.00506118
376.284,0.794379,0.000931468,10,1023,0,-362.284,0.042809,0.00508468,0.0528525,0.065351,11.407,0.127847,0.0822391,0.00397024,0.883938,0.00793283,2.31975,1.40685,0.135089,0.133836,0.0619267,4.69406,0.00970097
379.058,0.998293,0.000931468,10,1023,0,-369.665,0.0413044,0.0055393,0.0529744,0.0644496,14.8301,0.182329,0.0869339,0.00357009,0.913838,0.00740203,2.42801,1.47145,0.135712,0.133297,0.0616114,4.67429,0.00943658
377.595,0.967569,0.000931468,10,1023,0,-372.781,0.0410042,0.0052988,0.0523401,0.0641516,15.3215,0.201377,0.0870371,0.00365546,0.932045,0.00754124,2.08957,1.48666,0.135404,0.134392,0.0617967,4.66949,0.00932398
376.375,0.977247,0.000931468,10,1023,0,-368.828,0.0431894,0.00559346,0.0541214,0.0656539,14.8215,0.188908,0.0850015,0.00351557,0.885924,0.00713699,2.3532,1.45857,0.135551,0.129817,0.0610271,4.71414,0.0157754
378.256,0.93489,0.000931468,10,1023,0,-372.67,0.0432174,0.00557655,0.0537824,0.0649902,15.9296,0.173439,0.0868258,0.00355881,0.79807,0.00709735,2.73687,1.44879,0.132723,0.133098,0.0610948,4.72237,0.0117433
377.543,0.999999,0.000931468,10,1023,0,-371.677,0.0433801,0.00557401,0.0535261,0.0654707,15.9038,0.168191,0.0871979,0.00350396,0.828668,0.00706835,2.81852,1.43728,0.132499,0.133495,0.0612605,4.72567,0.0122275
376.745,0.990254,0.000931468,10,1023,0,-370.809,0.043611,0.00522821,0.0536724,0.0662165,15.372,0.143272,0.0857683,0.00394456,0.761313,0.00714036,2.652,1.52012,0.131861,0.132856,0.0611563,4.73927,0.0112779
378.878,0.999236,0.000931468,10,1023,0,-373.202,0.0437274,0.00564193,0.0537477,0.064838,13.9334,0.13537,0.088969,0.00402624,0.663156,0.00731239,2.84255,1.60058,0.13331,0.130402,0.0603606,4.72256,0.0155411
377.26,0.888183,0.000931468,10,1023,0,-368.819,0.0453418,0.00567793,0.053598,0.0629396,17.437,0.175399,0.0930272,0.00441247,0.744986,0.00698602,2.5978,1.76486,0.128335,0.13505,0.0598575,4.70191,0.0156795
379.17,0.989257,0.000931468,10,1023,0,-369.545,0.0441905,0.00565816,0.052193,0.0610014,20.1182,0.136545,0.0998711,0.00487228,0.840772,0.00674481,3.59261,2.01408,0.131521,0.131509,0.060395,4.74863,0.00633526
383.593,0.994219,0.000931468,10,1023,0,-372.151,0.0439648,0.00708264,0.051668,0.0607735,14.3732,0.103276,0.112326,0.00406645,0.863821,0.00667995,5.36324,1.90144,0.13523,0.12807,0.0609216,4.80381,0.00541403
385.316,0.999609,0.000931468,10,1023,0,-373.037,0.0419215,0.00737906,0.053962,0.0606179,13.7104,0.0961337,0.110446,0.00394362,0.72945,0.00688672,5.25375,2.11162,0.132225,0.132731,0.0615318,4.78578,0.00733607
387.73,0.985556,0.000931468,10,1023,0,-377.971,0.0410788,0.00910183,0.05384,0.0568379,13.3299,0.0925989,0.10968,0.0044958,0.796714,0.00692898,9.02109,1.97139,0.136351,0.127429,0.0608783,4.77238,0.0085664
386.061,0.978413,0.000931468,10,1023,0,-371.616,0.0409609,0.00886583,0.054662,0.0557181,12.5788,0.101487,0.104578,0.00501948,0.754818,0.00682711,7.67697,1.95481,0.142135,0.123017,0.0610165,4.76747,0.00597319
387.01,0.981249,0.000931468,10,1023,0,-379.647,0.0421802,0.00753451,0.0573429,0.0571193,11.7791,0.0764926,0.104336,0.0046413,0.57967,0.00736766,5.8005,2.28783,0.145926,0.120906,0.0623631,4.82859,0.0056061
387.262,0.963,0.000931468,10,1023,0,-380.531,0.0423212,0.00788994,0.0576156,0.0570465,13.0883,0.0859324,0.101532,0.00524632,0.538005,0.00757398,6.3925,2.21151,0.141993,0.12094,0.0619347,4.89087,0.00592473
387.094,0.995541,0.000931468,10,1023,0,-379.821,0.0446953,0.0120829,0.058689,0.0567321,12.563,0.110935,0.106088,0.00496055,0.467825,0.00731639,9.10092,2.56895,0.131435,0.135379,0.0653806,4.93788,0.0113649
388.003,0.998668,0.000931468,10,1023,0,-381.172,0.0440229,0.0115429,0.0572846,0.0582514,16.0705,0.106501,0.108019,0.00480217,0.562406,0.00699602,12.4705,2.30523,0.13282,0.129392,0.0648638,5.0298,0.0113237
387.647,0.981542,0.000931468,10,1023,0,-380.461,0.0420163,0.0114668,0.0570205,0.0581652,20.9312,0.153609,0.104676,0.00479164,0.473402,0.00732554,10.8714,2.42125,0.134241,0.13268,0.0656292,4.95448,0.00689089
389.626,0.985408,0.000931468,10,1023,0,-380.119,0.0391558,0.0107679,0.0551837,0.0608509,17.9314,0.151567,0.105119,0.00464095,0.497558,0.0066841,8.85278,2.18428,0.12001,0.144246,0.0662777,5.07244,0.0108469
383.166,0.857845,0.000931468,10,1023,0,-375.562,0.038948,0.0108115,0.055301,0.0608333,15.678,0.155708,0.107287,0.00471587,0.476284,0.00684039,7.66733,2.0198,0.1149,0.149632,0.066074,5.06489,0.0155011
386.558,0.984512,0.000931468,10,1023,0,-375.204,0.0407745,0.0111762,0.0578606,0.0586751,15.9033,0.110141,0.103111,0.00483836,0.440589,0.0070709,10.2622,2.37307,0.119439,0.148949,0.0656882,4.92429,0.0158949
388.699,0.963041,0.000931468,10,1023,0,-382.347,0.0412431,0.010586,0.0586888,0.0563655,14.3993,0.110146,0.108869,0.00466924,0.447888,0.0070624,8.45397,2.28907,0.11524,0.15123,0.0646491,4.92134,0.0203277
387.323,0.904277,0.000931468,10,1023,0,-382.24,0.040876,0.0101319,0.0600534,0.0565308,17.7441,0.125636,0.10417,0.00472973,0.450015,0.00687936,8.07503,2.38283,0.111465,0.156047,0.0646848,4.91699,0.0237647
386.93,0.961851,0.000931468,10,1023,0,-378.826,0.0424859,0.0132494,0.0622477,0.0547286,12.1218,0.136661,0.101749,0.00480511,0.437878,0.00641352,9.54612,2.29863,0.126331,0.136084,0.0646008,5.00826,0.00938147
386.781,0.999999,0.000931468,10,1023,0,-375.901,0.0437686,0.0104137,0.0645403,0.05071,12.1871,0.0993806,0.104308,0.00597301,0.688579,0.00830105,7.62112,2.41808,0.127819,0.142093,0.0675023,4.97289,0.00784662
385.414,0.965942,0.000931468,10,1023,0,-374.766,0.0440049,0.010606,0.0646731,0.0494597,11.8983,0.0988374,0.105538,0.00590962,0.675625,0.00824042,7.89931,2.40204,0.126817,0.143383,0.067235,4.95807,0.00959201
380.753,0.993571,0.000931468,10,1023,0,-372.465,0.0423765,0.0110684,0.0700085,0.0481127,13.8431,0.0881594,0.0999106,0.00722804,1.00731,0.00808549,10.9461,2.35257,0.123917,0.144738,0.0677431,5.00591,0.0125151
383.6,0.99851,0.000931468,10,1023,0,-372.301,0.0420477,0.0115855,0.072289,0.0486833,16.1087,0.0907865,0.0992462,0.00631698,0.977441,0.00794858,13.2007,2.42643,0.127232,0.14148,0.0683218,5.04607,0.0119596
384.354,0.998556,0.000931468,10,1023,0,-379.346,0.0423726,0.0123315,0.0718861,0.0491102,14.2144,0.0886101,0.101748,0.0056076,0.976175,0.00791827,13.4676,2.42804,0.126962,0.141357,0.0682224,5.04986,0.0138071
384.272,0.987968,0.000931468,10,1023,0,-373.425,0.041289,0.0119748,0.0678373,0.0540812,21.6684,0.154342,0.106453,0.00533845,0.841875,0.00770871,10.025,2.56952,0.118688,0.144822,0.0664562,5.0837,0.0199177
389.52,0.950259,0.000931468,10,1023,0,-377.947,0.0409024,0.0115583,0.0656131,0.0545446,14.7129,0.129735,0.112286,0.00454154,0.881244,0.00766095,7.4395,2.69777,0.123354,0.141305,0.0663809,5.0399,0.0159675
387.427,0.995374,0.000931468,10,1023,0,-383.324,0.0427762,0.012872,0.064642,0.0577048,17.0986,0.146491,0.108385,0.00477457,1.17173,0.00794095,9.72782,2.60549,0.124877,0.139088,0.066171,5.03135,0.0174897
385.958,0.849947,0.000931468,10,1023,0,-378.276,0.0427024,0.0130067,0.0653356,0.0607392,17.6462,0.146692,0.10643,0.00448867,1.21677,0.00793929,7.98402,3.16374,0.119674,0.149906,0.0670697,4.97993,0.0116974
385.815,0.904066,0.000931468,10,1023,0,-379.771,0.0422872,0.0117213,0.0667459,0.0580555,19.2277,0.140199,0.110401,0.00423481,1.14246,0.00809015,7.82331,3.02628,0.12055,0.147048,0.0668785,5.01139,0.0127848
382.923,0.772073,0.000931468,10,1023,0,-372.478,0.0447425,0.0129,0.0652124,0.0582729,21.61,0.143573,0.113045,0.00446506,1.20255,0.00751026,11.5337,2.7384,0.11705,0.148413,0.0671181,5.10717,0.00962053
385.677,0.966901,0.000931468,10,1023,0,-376.106,0.0434278,0.0128229,0.0666756,0.0580166,23.7474,0.14236,0.111372,0.00375889,1.02919,0.00745555,12.2236,2.77003,0.114678,0.152719,0.0667822,5.05014,0.00921004
385.272,0.943967,0.000931468,10,1023,0,-379.498,0.0418642,0.0154275,0.0637449,0.0563547,19.2697,0.132798,0.125355,0.00373231,1.17926,0.0078503,14.6483,2.84021,0.117679,0.151164,0.0666639,4.98087,0.0113462
385.494,0.999808,0.000931468,10,1023,0,-382.333,0.0417252,0.0159469,0.064589,0.0546191,17.6226,0.15337,0.127119,0.00384699,1.18248,0.00762888,12.7727,2.74586,0.114307,0.153469,0.0659078,4.97324,0.0148591
387.412,0.986258,0.000931468,10,1023,0,-380.293,0.0405788,0.0120682,0.0658708,0.0535014,16.1383,0.139407,0.118726,0.00458561,0.978235,0.00699156,7.70881,2.90786,0.12357,0.140571,0.0662172,5.06079,0.00758049
386.895,0.963739,0.000931468,10,1023,0,-377.562,0.0402299,0.0121135,0.0656479,0.06069,19.008,0.155346,0.102999,0.00396115,1.02348,0.00667607,8.78974,2.73383,0.121839,0.141554,0.0671988,5.15486,0.00709394
387.68,0.999035,0.000931468,10,1023,0,-384.1,0.0401179,0.0122036,0.0664671,0.0592234,18.2196,0.155874,0.102709,0.0039415,0.994264,0.00666889,8.8577,2.63988,0.121164,0.142723,0.0672717,5.13911,0.00683401
386.529,0.92632,0.000931468,10,1023,0,-379.358,0.0422093,0.0122586,0.066258,0.0642161,14.8458,0.124253,0.09136,0.00368802,1.04875,0.0067666,9.25891,2.58892,0.12352,0.142507,0.0677818,5.10291,0.00784288
386.72,0.995218,0.000931468,10,1023,0,-375.906,0.0423462,0.0117807,0.0657148,0.0648453,16.2104,0.132975,0.0906279,0.00371206,1.01848,0.00681245,9.17596,2.42972,0.120864,0.144684,0.0673761,5.11222,0.00757907
383.653,0.997835,0.000931468,10,1023,0,-377.485,0.0409618,0.0101626,0.0698008,0.0656567,15.5221,0.100288,0.0839702,0.00392356,0.924777,0.00669636,7.65794,2.71783,0.12223,0.142198,0.0679667,5.15325,0.00834969
384.116,0.730652,0.000931468,10,1023,0,-375.353,0.0406355,0.00977176,0.0694871,0.0655715,16.5627,0.107223,0.0841207,0.00406391,0.841507,0.00669622,7.0078,2.74629,0.121291,0.143259,0.0681694,5.17285,0.0108153
382.675,0.986821,0.000931468,10,1023,0,-376.445,0.0395918,0.0102802,0.0687723,0.0690507,14.208,0.102796,0.0822115,0.00379537,0.669646,0.00735929,6.36394,2.82363,0.119842,0.146992,0.0687663,5.13954,0.00891949
379.257,0.838858,0.000931468,10,1023,0,-365.721,0.0373287,0.0101389,0.0725971,0.0688937,13.8413,0.125848,0.0834089,0.00332855,0.812197,0.00756685,4.79056,2.80893,0.119296,0.144746,0.0682525,5.20332,0.00484786
378.823,0.897754,0.000931468,10,1023,0,-371.536,0.0371097,0.0120445,0.0742882,0.0687696,15.0459,0.122958,0.0753729,0.00338427,0.898496,0.00725363,8.39185,2.59153,0.121268,0.145943,0.0692617,5.16987,0.00556638
376.488,0.778352,0.000931468,10,1023,0,-367.628,0.0371957,0.0120076,0.0752803,0.0655266,14.1727,0.1144,0.0756443,0.00390068,0.941075,0.0074614,9.05616,2.4907,0.12214,0.143175,0.069871,5.25195,0.00633186
374.836,0.912328,0.000931468,10,1023,0,-362.902,0.0373356,0.0116695,0.0740325,0.0680579,14.9042,0.0879144,0.0799537,0.00386252,0.924614,0.00789677,9.77857,2.87635,0.123598,0.140857,0.070207,5.2872,0.00666438
377.685,0.999898,0.000931468,10,1023,0,-363.186,0.0376241,0.013821,0.0711278,0.0694695,12.5261,0.0918162,0.0805436,0.00360143,1.08212,0.00746582,12.4265,2.63625,0.126601,0.138631,0.0719336,5.33625,0.0125761
378.528,0.907397,0.000931468,10,1023,0,-370.297,0.0376885,0.0144062,0.0685681,0.0726774,15.2886,0.112529,0.0837802,0.00385,1.03656,0.00753834,12.1783,2.7584,0.11882,0.145043,0.0717978,5.38329,0.0153727
382.647,0.980348,0.000931468,10,1023,0,-372.98,0.0377233,0.0146759,0.0725658,0.0652775,13.6182,0.132483,0.0842878,0.00404132,1.10389,0.00772894,10.491,2.6615,0.125613,0.139888,0.0710758,5.28655,0.0106261
382.569,0.875505,0.000931468,10,1023,0,-372.888,0.0383896,0.0149346,0.0692869,0.0660784,15.8107,0.112028,0.0900823,0.00369174,0.953228,0.00718511,14.5747,2.63494,0.118073,0.147095,0.0702278,5.27908,0.0119843
380.823,0.993317,0.000931468,10,1023,0,-371.845,0.0397479,0.0140845,0.0680052,0.0699998,12.3348,0.120601,0.0921855,0.00318105,1.13181,0.00739744,8.76176,2.72087,0.11365,0.148799,0.0685184,5.28247,0.00978951
379.056,0.831885,0.000931468,10,1023,0,-369.289,0.0404771,0.0137443,0.069357,0.0693417,11.0831,0.131333,0.0900215,0.00319646,1.27757,0.00720539,7.42882,2.52162,0.11276,0.149615,0.0681972,5.27551,0.00829393
381.104,0.972195,0.000931468,10,1023,0,-371.964,0.0403604,0.0133736,0.0677456,0.070056,10.3238,0.112403,0.0896446,0.00311004,1.47343,0.00725105,7.88966,2.50339,0.113892,0.14977,0.0686868,5.23739,0.0152763
379.958,0.994806,0.000931468,10,1023,0,-372.604,0.0407129,0.00835362,0.0705176,0.0696142,11.8194,0.0737867,0.0859072,0.0030202,1.3072,0.00683032,4.97344,2.7211,0.112113,0.155641,0.0698176,5.21864,0.0148163
383.509,0.91103,0.000931468,10,1023,0,-373.621,0.0383698,0.0102731,0.0649176,0.0692835,11.3099,0.110499,0.0902909,0.00304206,0.910568,0.00680383,5.81161,2.44695,0.12279,0.137238,0.068492,5.29152,0.0167775
384.34,0.91521,0.000931468,10,1023,0,-374.659,0.0393794,0.0156257,0.0603045,0.0644829,10.196,0.0985578,0.100689,0.00345137,0.75669,0.00717237,15.7838,2.03481,0.123029,0.139891,0.0691095,5.25232,0.0156758
387.853,0.989289,0.000931468,10,1023,0,-372.858,0.0388296,0.00957405,0.0571919,0.0649928,9.8593,0.0717038,0.106944,0.00370907,0.520945,0.00678119,7.39426,2.30969,0.125975,0.134554,0.0676208,5.24592,0.0064907
387.293,0.992203,0.000931468,10,1023,0,-380.617,0.039247,0.0118729,0.0544346,0.0625417,7.64577,0.0744855,0.111449,0.00397034,0.491536,0.00712128,9.43447,2.17776,0.138898,0.125502,0.0684191,5.2104,0.00417204
387.35,0.999911,0.000931468,10,1023,0,-383.506,0.0391989,0.0110811,0.0553487,0.0606921,7.39819,0.0651969,0.118632,0.00366232,0.45312,0.00735641,8.56282,2.25839,0.136696,0.127711,0.0683911,5.19883,0.00429998
385.904,0.96762,0.000931468,10,1023,0,-381.238,0.0396055,0.0129859,0.054418,0.0623048,6.80018,0.0767348,0.119544,0.00346165,0.37377,0.00718676,8.82558,2.31828,0.137082,0.127994,0.0688893,5.20631,0.00403208
387.412,0.990897,0.000931468,10,1023,0,-378.9,0.0386946,0.0118823,0.0585341,0.0587678,10.099,0.10866,0.11189,0.00414596,0.438668,0.00696324,8.51535,2.16539,0.133456,0.12688,0.0671259,5.2445,0.0027922
388.038,0.999999,0.000931468,10,1023,0,-384.027,0.0393184,0.0118931,0.0618152,0.056289,10.2736,0.128494,0.106803,0.00364557,0.423247,0.00671992,7.6487,2.1624,0.133459,0.131285,0.0686031,5.2044,0.00220159
383.898,0.789956,0.000931468,10,1023,0,-377.79,0.042728,0.0111586,0.0620158,0.0536932,12.3111,0.157588,0.124156,0.00399851,0.373518,0.00651515,5.62159,2.35131,0.121314,0.140624,0.0688938,5.30733,0.00234661
385.056,0.911817,0.000931468,10,1023,0,-376.988,0.0417429,0.0106847,0.0625275,0.0538866,12.3333,0.157663,0.123056,0.00421196,0.412482,0.00643395,4.72861,2.53528,0.118833,0.144323,0.0681988,5.24545,0.00166389
384.028,0.99583,0.000931468,10,1023,0,-373.693,0.0421689,0.00924954,0.0650801,0.0529009,15.6543,0.161837,0.123885,0.00415463,0.399449,0.00629708,3.75699,2.91568,0.118953,0.144961,0.0677705,5.18689,0.00355832
384.548,0.948995,0.000931468,10,1023,0,-372.788,0.041737,0.00787435,0.0665168,0.0521887,13.9391,0.141622,0.109731,0.00446468,0.388829,0.00604615,3.23076,2.65624,0.122643,0.141739,0.0665955,5.10664,0.00292983
379.824,0.944849,0.000931468,10,1023,0,-372.924,0.0421235,0.00777487,0.0665776,0.0512031,13.5726,0.13393,0.107946,0.00440412,0.363208,0.00607094,3.31561,2.7007,0.122196,0.140911,0.0665812,5.13997,0.00301668
381.28,0.945973,0.000931468,10,1023,0,-374.562,0.0419668,0.00724708,0.0655959,0.0530601,11.9557,0.104935,0.11369,0.00448623,0.404285,0.00626759,3.13778,2.61302,0.120898,0.143852,0.0684303,5.20713,0.00365258
385.746,0.72834,0.000931468,10,1023,0,-374.978,0.0417665,0.00908317,0.0603194,0.0572779,11.0346,0.0939252,0.116089,0.00450582,0.468176,0.00646431,5.04284,2.56754,0.118581,0.145577,0.0676377,5.18123,0.00431212
384.026,0.978767,0.000931468,10,1023,0,-373.08,0.0447739,0.007484,0.0576176,0.05665,13.0208,0.0798514,0.116678,0.00442343,0.426825,0.00663247,5.69996,2.38973,0.132693,0.129165,0.0680464,5.2535,0.0043425
382.858,0.812588,0.000931468,10,1023,0,-378.385,0.0446752,0.00729042,0.057145,0.0578155,13.0479,0.0806935,0.114938,0.00463925,0.441629,0.0066471,5.31627,2.36832,0.131115,0.131984,0.0683888,5.22755,0.0050545
383.647,0.995527,0.000931468,10,1023,0,-377.518,0.0448364,0.00733651,0.0563902,0.0585201,14.5818,0.0894339,0.106616,0.0047807,0.478548,0.00671105,5.89763,2.26825,0.137054,0.129022,0.068494,5.1487,0.00679522
385.688,0.983481,0.000931468,10,1023,0,-376.664,0.0431638,0.00759894,0.0559091,0.0579383,14.7199,0.0937779,0.107237,0.00516496,0.459709,0.00683052,6.18453,2.27213,0.140391,0.125371,0.0687673,5.19083,0.00429042
384.77,0.998317,0.000931468,10,1023,0,-378.434,0.0441291,0.00807279,0.0542683,0.0580434,13.6406,0.0910742,0.108317,0.00518441,0.442485,0.00683354,6.5974,2.33541,0.138802,0.12778,0.0689993,5.18004,0.00294048
385.561,0.852397,0.000931468,10,1023,0,-374.626,0.0440279,0.00828481,0.0549676,0.0575054,14.6808,0.0983376,0.108189,0.0053931,0.437253,0.00683456,6.89473,2.29214,0.137182,0.129088,0.0688932,5.17337,0.00357159
385.54,0.831624,0.000931468,10,1023,0,-374.944,0.0434172,0.00963893,0.0577285,0.0556788,13.7536,0.128879,0.115385,0.00440196,0.41093,0.00662244,6.92938,2.1629,0.136813,0.124889,0.0682963,5.27817,0.00508624
386.348,0.805306,0.000931468,10,1023,0,-369.128,0.0423092,0.00620208,0.0553453,0.056377,17.2919,0.0906991,0.116282,0.00483445,0.382137,0.00714899,5.17499,2.23453,0.149206,0.114699,0.0669407,5.20671,0.00210374
384.911,0.99944,0.000931468,10,1023,0,-380.888,0.0413656,0.00564692,0.0558901,0.0564642,21.4172,0.107639,0.117864,0.00451656,0.395988,0.00700078,4.5717,2.21931,0.152534,0.111392,0.0669662,5.24768,0.00172183
386.583,0.998397,0.000931468,10,1023,0,-379.166,0.0404357,0.00651542,0.0591793,0.0582523,20.0654,0.109446,0.122522,0.00374396,0.441803,0.00726496,4.07987,2.81328,0.148031,0.115646,0.0658344,5.14671,0.00164428
386.401,0.940882,0.000931468,10,1023,0,-380.814,0.0398612,0.00589669,0.0585854,0.0580219,21.2187,0.0937356,0.126063,0.00351419,0.468546,0.00712738,4.06903,2.8736,0.14997,0.114196,0.0650724,5.09887,0.00200413
385.938,0.699471,0.000931468,10,1023,0,-374.606,0.039152,0.00739991,0.0628612,0.0560885,13.1362,0.0748333,0.110462,0.0033632,0.602007,0.00673963,5.55928,2.574,0.143031,0.120774,0.0628291,4.93647,0.00232142
386.499,0.952453,0.000931468,10,1023,0,-379.963,0.0396532,0.00795033,0.0635957,0.0562615,11.7466,0.0717561,0.11243,0.00322673,0.660858,0.00692318,5.80913,2.57401,0.142738,0.11946,0.0622335,4.936,0.00285059
386.622,0.994176,0.000931468,10,1023,0,-377.676,0.0387144,0.00771865,0.0634569,0.0554297,10.7741,0.062928,0.115526,0.0030866,0.670326,0.00678793,5.68075,2.60187,0.141691,0.121687,0.0629366,4.94126,0.00211929
386.866,0.848455,0.000931468,10,1023,0,-372.976,0.0415337,0.0057868,0.0613914,0.0558057,10.0275,0.06722,0.121557,0.00260766,0.670672,0.00687874,2.96717,2.4094,0.139052,0.125039,0.0628033,4.89754,0.00275159
387.208,0.994603,0.000931468,10,1023,0,-380.722,0.0422598,0.00632639,0.0627967,0.0548534,10.2624,0.0706023,0.122149,0.00257258,0.684452,0.00692115,3.39116,2.43799,0.13843,0.124214,0.0624967,4.91647,0.00255944
386.561,0.987679,0.000931468,10,1023,0,-371.18,0.0417901,0.00487864,0.0627208,0.0528218,11.023,0.0489513,0.126617,0.00226774,0.63145,0.0071492,3.57528,2.09498,0.13358,0.128235,0.063808,4.98107,0.0106825
386.635,0.966289,0.000931468,10,1023,0,-381.806,0.0410303,0.00477895,0.0608363,0.0532875,11.3676,0.0557922,0.128148,0.00235802,0.684632,0.0074924,3.24815,2.04195,0.139008,0.12367,0.0637039,4.97094,0.00935231
386.328,0.841407,0.000931468,10,1023,0,-378.719,0.0398017,0.00466239,0.0608648,0.0540092,13.1607,0.0539633,0.12868,0.00240245,0.686078,0.0074858,3.58587,2.08299,0.141567,0.121811,0.063561,4.95629,0.00919299
385.945,0.958166,0.000931468,10,1023,0,-380.458,0.0409077,0.00641864,0.0596507,0.0557015,12.162,0.0594381,0.123228,0.00234134,0.685549,0.00737795,5.62994,2.12873,0.13471,0.128765,0.0646034,4.98571,0.00808969
388.237,0.878617,0.000931468,10,1023,0,-370.691,0.0372865,0.00705879,0.0570708,0.0548129,11.4402,0.109537,0.129999,0.00274407,0.978608,0.00765464,3.66556,1.92793,0.122842,0.145116,0.0661677,4.95662,0.00893507
389.399,0.9963,0.000931468,10,1023,0,-384.395,0.0370183,0.0106656,0.0565385,0.0568853,10.2555,0.137697,0.13104,0.00300059,0.998138,0.00770015,5.57253,2.05174,0.126762,0.137941,0.0662488,5.04693,0.00784795
386.694,0.993545,0.000931468,10,1023,0,-375.731,0.0349201,0.00775395,0.0568965,0.0519088,14.0397,0.136253,0.132061,0.00329717,0.7218,0.00835984,4.75931,1.8622,0.138595,0.128063,0.0661326,4.98814,0.00865886
387.837,0.967955,0.000931468,10,1023,0,-382.582,0.0359338,0.00705071,0.0557925,0.0508858,16.464,0.124152,0.136086,0.00371519,0.716211,0.00855847,5.14706,1.81551,0.139748,0.127683,0.0658475,4.95278,0.0120697
390.037,0.995489,0.000931468,10,1023,0,-380.274,0.0371666,0.00622274,0.0604999,0.0528789,14.084,0.119691,0.123066,0.00340401,0.834767,0.00905145,3.27879,1.92984,0.13683,0.129584,0.0662976,4.99277,0.0122974
383.969,0.956925,0.000931468,10,1023,0,-373.883,0.0406094,0.00386874,0.0627656,0.0473008,18.8836,0.122495,0.138852,0.00353055,1.09209,0.00896128,1.43578,2.17411,0.12932,0.140504,0.0651131,4.81645,0.0193023
381.042,0.997595,0.000931468,10,1023,0,-373.537,0.0402331,0.00388392,0.0638578,0.0490232,21.9864,0.132742,0.14475,0.00340717,1.38962,0.00867236,1.45108,2.27047,0.130697,0.133659,0.0644725,4.93108,0.0169079
382.828,0.978008,0.000931468,10,1023,0,-371.507,0.0407724,0.00441671,0.0616852,0.048758,20.7515,0.11453,0.150563,0.0034639,1.27668,0.0080494,2.00414,2.376,0.130015,0.134034,0.0645631,4.92742,0.0239232
379.957,0.932816,0.000931468,10,1023,0,-375.682,0.0403301,0.0043662,0.0622245,0.0476142,19.6127,0.131417,0.151947,0.00351242,1.41493,0.00770009,1.70386,2.31081,0.133472,0.128312,0.0642531,4.9515,0.029429
382.872,0.992807,0.000931468,10,1023,0,-372.529,0.0416717,0.00540541,0.0612836,0.0521935,18.6079,0.136692,0.141777,0.00352259,1.67473,0.00779397,2.31262,2.36325,0.128547,0.134361,0.0655643,5.02438,0.0158264
385.628,0.894554,0.000931468,10,1023,0,-375.154,0.0413375,0.00737201,0.0612528,0.0540009,13.5671,0.146709,0.137174,0.00338002,1.4148,0.00716438,2.69634,2.49034,0.122532,0.140713,0.0650771,5.00628,0.0185969
388.596,0.993109,0.000931468,10,1023,0,-377.379,0.0390579,0.00635851,0.0580539,0.0578519,14.8025,0.110863,0.122201,0.00383906,1.15865,0.00673192,3.37818,2.23338,0.124166,0.137598,0.0647937,5.04292,0.00666093
388.693,0.98753,0.000931468,10,1023,0,-380.539,0.0390376,0.00610506,0.0582453,0.060185,13.5806,0.101487,0.112759,0.00384579,1.26003,0.00688321,3.179,2.20056,0.124057,0.138201,0.0642598,5.00106,0.0053076
387.978,0.775325,0.000931468,10,1023,0,-379.026,0.0388419,0.00632478,0.058391,0.0595313,13.1729,0.100118,0.113828,0.00378572,1.28031,0.00686998,3.38997,2.18728,0.123793,0.137672,0.0638664,4.9999,0.0058758
389.195,0.986309,0.000931468,10,1023,0,-379.37,0.0403504,0.00708065,0.0624605,0.0555421,19.356,0.121714,0.116037,0.00344105,1.11165,0.00692311,5.16383,2.1548,0.124724,0.13788,0.0654056,5.05655,0.00650146
387.188,0.993282,0.000931468,10,1023,0,-372.179,0.040538,0.0071013,0.0630397,0.0555303,20.2269,0.133379,0.115426,0.00338178,1.12477,0.00685766,4.98088,2.12785,0.124716,0.138244,0.0655428,5.05108,0.00646354
388.368,0.995848,0.000931468,10,1023,0,-380.136,0.041172,0.00709024,0.0604055,0.0568865,16.6055,0.154263,0.114691,0.00346638,0.948222,0.0068704,3.58821,2.12992,0.126824,0.13687,0.0654241,5.02475,0.00560264
388.976,0.898707,0.000931468,10,1023,0,-380.558,0.0399419,0.00880212,0.0553814,0.0578067,13.0304,0.139362,0.121276,0.00374788,0.793043,0.00668175,4.74615,2.17238,0.125124,0.137204,0.0641948,4.99108,0.00632058
388.773,0.978115,0.000931468,10,1023,0,-384.317,0.041645,0.0120439,0.0560119,0.0545388,12.023,0.151743,0.130012,0.00355268,0.817671,0.00696254,7.7835,2.01717,0.123615,0.139937,0.064678,4.9808,0.0125405
388.589,0.999755,0.000931468,10,1023,0,-378.467,0.039841,0.0113189,0.0553898,0.0583382,9.2348,0.109116,0.127291,0.00365032,0.786812,0.00663708,6.37447,2.27494,0.122057,0.13993,0.0642365,4.99281,0.0158343
384.893,0.974407,0.000931468,10,1023,0,-380.61,0.039724,0.0146907,0.056713,0.0583979,9.31845,0.127843,0.123482,0.00328487,1.01328,0.00606907,9.12503,2.40287,0.13158,0.131203,0.0632582,4.92214,0.0117115
381.882,0.710101,0.000931468,10,1023,0,-368.843,0.0372348,0.0150998,0.0556899,0.0559789,9.40293,0.123815,0.137826,0.00391046,0.695765,0.00621692,8.57258,2.7159,0.132811,0.127393,0.0621161,4.93898,0.00864617
382.093,0.999954,0.000931468,10,1023,0,-377.386,0.0370161,0.0149816,0.0561615,0.0566357,9.0853,0.126772,0.136077,0.00370854,0.712927,0.00612945,7.99187,2.69548,0.131544,0.128298,0.0619148,4.93495,0.00749695
380.246,0.895304,0.000931468,10,1023,0,-373.053,0.0375202,0.0156898,0.055441,0.0591974,9.90901,0.124662,0.129721,0.0036068,0.543897,0.00584436,9.90909,2.60665,0.128539,0.130119,0.061996,4.97073,0.00723844
379.081,0.999875,0.000931468,10,1023,0,-368.72,0.0387873,0.0155425,0.0558161,0.0579092,9.22545,0.158804,0.132669,0.00336391,0.668975,0.00623538,7.63379,2.53555,0.136143,0.120323,0.0605955,4.96356,0.0039328
380.754,0.92889,0.000931468,10,1023,0,-369.468,0.0391903,0.0152782,0.0569371,0.0574273,8.45806,0.156463,0.128802,0.00351713,0.860708,0.00596152,6.50519,2.82487,0.143418,0.11708,0.0615934,4.94433,0.00579111
376.47,0.999361,0.000931468,10,1023,0,-368.803,0.0394424,0.018331,0.0560322,0.0587675,6.28886,0.146633,0.131094,0.00413679,1.08974,0.00602355,6.81153,3.00693,0.148547,0.115367,0.0623975,4.95299,0.00370041
380.687,0.999993,0.000931468,10,1023,0,-369.357,0.0400772,0.0184568,0.0537957,0.0648474,6.384,0.144463,0.118912,0.00455757,1.30458,0.0065802,7.18396,2.98877,0.14891,0.11352,0.0622756,4.96795,0.00568533
379.07,0.998816,0.000931468,10,1023,0,-376.237,0.0407283,0.0200024,0.0534384,0.0667198,6.32264,0.155313,0.117807,0.00425931,1.4763,0.0064144,7.80267,2.94258,0.146223,0.116227,0.0623802,4.96438,0.00613379
377.583,0.989676,0.000931468,10,1023,0,-374.081,0.0407942,0.0208398,0.0528072,0.0672789,6.99097,0.156017,0.119073,0.00409156,1.52682,0.00647883,9.1768,2.97569,0.149145,0.114898,0.0627244,4.94083,0.00697753
379.988,0.999999,0.000931468,10,1023,0,-373.933,0.0410346,0.0187357,0.053275,0.0658757,6.73025,0.152196,0.115401,0.00405999,1.31005,0.00635874,8.03253,2.85017,0.154225,0.110684,0.0624152,4.94266,0.00740436
379.055,0.997782,0.000931468,10,1023,0,-370.862,0.0421975,0.0148726,0.0532147,0.0697755,8.29339,0.120098,0.108973,0.00387547,1.4666,0.00617205,7.95733,2.89952,0.160951,0.104564,0.0611294,4.92173,0.00862607
379.809,0.960272,0.000931468,10,1023,0,-368.658,0.0423754,0.0145793,0.050534,0.0699541,7.07085,0.153004,0.108215,0.00422018,1.19209,0.0060021,5.97595,2.6013,0.165592,0.100462,0.0611597,4.97552,0.00783866
379.439,0.999935,0.000931468,10,1023,0,-369.71,0.0433861,0.0106201,0.0527667,0.0689581,10.5247,0.111812,0.112072,0.00388911,1.22082,0.0065157,5.69226,2.92904,0.173694,0.0957789,0.0599018,4.92444,0.00197573
380.991,0.949787,0.000931468,10,1023,0,-371.023,0.0432611,0.0104241,0.0520316,0.0667746,16.3643,0.132377,0.118168,0.00421532,1.36758,0.00695189,6.86819,3.06536,0.165663,0.1025,0.0609399,4.91323,0.00212696
381.935,0.805386,0.000931468,10,1023,0,-371.798,0.043215,0.0113956,0.054196,0.0639272,19.5926,0.137413,0.115621,0.00430418,0.694629,0.00725505,9.33202,2.97254,0.15792,0.10603,0.0611782,4.96024,0.00107352
377.323,0.937039,0.000931468,10,1023,0,-368.125,0.0438665,0.0143377,0.0553435,0.0601246,19.1945,0.145388,0.114522,0.00496507,0.63338,0.00629924,14.2948,2.87243,0.156006,0.107415,0.0611059,4.94762,0.000814813
377.779,0.988872,0.000931468,10,1023,0,-368.174,0.0443041,0.015069,0.0572073,0.0591239,16.9649,0.188032,0.109134,0.00542039,0.630174,0.00572333,11.0163,2.91935,0.152531,0.108247,0.0618042,5.06099,0.000562131
378.968,0.960897,0.000931468,10,1023,0,-368.186,0.0444781,0.012608,0.0530827,0.0587587,18.847,0.176444,0.113894,0.00585473,0.610656,0.00565711,10.0162,2.60974,0.141258,0.118842,0.062613,5.01735,0.00102707
382.152,0.933924,0.000931468,10,1023,0,-368.967,0.0406356,0.0141272,0.058582,0.0562187,14.848,0.196992,0.117935,0.00399434,0.731824,0.00642585,9.60966,2.49145,0.155678,0.108735,0.0648558,5.13802,0.00131029
378.61,0.753103,0.000931468,10,1023,0,-357.579,0.0408371,0.0155338,0.0593594,0.0566558,14.3915,0.198725,0.123498,0.00391152,0.834145,0.00646731,10.5694,2.47743,0.154411,0.10952,0.0650353,5.15162,0.00126048
382.064,0.988254,0.000931468,10,1023,0,-375.249,0.0416336,0.0151865,0.0586856,0.0581703,13.9271,0.218975,0.118671,0.00358398,0.897934,0.00634284,9.10568,2.5004,0.149397,0.113219,0.0657431,5.18535,0.00102248
384.925,0.998967,0.000931468,10,1023,0,-376.429,0.0415417,0.013718,0.0550327,0.0615858,11.1631,0.14311,0.128177,0.00331557,0.629781,0.0066641,7.49697,2.68214,0.137602,0.126071,0.0643137,5.00391,0.000700179
385.966,0.971282,0.000931468,10,1023,0,-373.046,0.0423104,0.0115096,0.053651,0.0614536,7.50787,0.147042,0.124268,0.00312013,0.803605,0.00629968,4.16918,2.37878,0.135818,0.128124,0.0655145,5.05499,0.00101522
386.447,0.915962,0.000931468,10,1023,0,-379.231,0.0428236,0.0126154,0.0541307,0.0618555,7.41019,0.120669,0.126418,0.0030519,0.919197,0.00681921,5.84952,2.33,0.135054,0.127815,0.0650942,5.0545,0.00139206
385.287,0.999609,0.000931468,10,1023,0,-374.087,0.043337,0.0139342,0.054894,0.0618224,7.2001,0.123399,0.127706,0.00310964,0.983604,0.00669828,6.45094,2.43837,0.13933,0.123977,0.0649029,5.05094,0.00138637
384.242,0.965307,0.000931468,10,1023,0,-374.671,0.0430997,0.0136826,0.054522,0.0602484,6.99674,0.123779,0.127298,0.00318903,0.999967,0.00667013,6.37145,2.40078,0.14027,0.123192,0.0650581,5.05508,0.00134028
386.896,0.999996,0.000931468,10,1023,0,-375.192,0.0431853,0.0125965,0.0556422,0.0600361,9.3268,0.14137,0.137375,0.00279033,0.746426,0.00696743,5.27145,2.64807,0.13034,0.134262,0.0660467,5.05445,0.00138494
386.823,0.961992,0.000931468,10,1023,0,-379.29,0.0429898,0.0127802,0.055251,0.0609183,10.3673,0.146351,0.137201,0.00268227,0.805029,0.00701242,5.82401,2.64724,0.129237,0.134731,0.0660349,5.06976,0.00154956
383.194,0.95145,0.000931468,10,1023,0,-376.614,0.0438623,0.0100145,0.0596361,0.0567585,10.6631,0.125003,0.140005,0.00294827,0.845202,0.00710755,3.77751,3.05844,0.13638,0.130862,0.0670049,5.0504,0.00107817
386.265,0.998393,0.000931468,10,1023,0,-378.122,0.0442186,0.00815182,0.0598681,0.0584417,11.907,0.125471,0.133494,0.00300592,1.0151,0.00758127,2.87595,2.92554,0.131712,0.134866,0.0665202,5.02872,0.00198023
389.624,0.979085,0.000931468,10,1023,0,-379.948,0.0419829,0.0108531,0.0581313,0.0606901,10.2702,0.114606,0.119143,0.00316469,0.774953,0.0082796,5.67816,2.548,0.138415,0.126665,0.0648848,4.97342,0.00720225
386.251,0.943334,0.000931468,10,1023,0,-381.344,0.0394337,0.00838101,0.0589607,0.061278,11.9732,0.101283,0.112141,0.0029582,0.973885,0.00839547,5.08117,2.37783,0.144674,0.121928,0.0662893,5.04478,0.005687
381.743,0.916064,0.000931468,10,1023,0,-374.777,0.0381089,0.0067132,0.060112,0.0567099,24.16,0.0932217,0.118239,0.00289305,0.85784,0.00800389,8.83939,1.9229,0.151543,0.114495,0.0657531,5.09061,0.00693224
383.559,0.997781,0.000931468,10,1023,0,-374.065,0.0372422,0.00635742,0.0614383,0.0550776,22.6953,0.100246,0.116093,0.00290935,0.964634,0.00801749,7.04516,1.90935,0.149269,0.116498,0.0660576,5.06273,0.0086998
387.454,0.997879,0.000931468,10,1023,0,-379.177,0.0367445,0.00636837,0.062517,0.0550377,21.1649,0.102947,0.114197,0.00283771,0.983256,0.008135,6.33553,1.94677,0.148729,0.116703,0.0658007,5.07458,0.00828626
387.461,0.997849,0.000931468,10,1023,0,-378.232,0.0377312,0.0085906,0.0628686,0.0522946,15.0481,0.104005,0.135951,0.00347151,0.924643,0.00862411,5.60662,2.57144,0.143863,0.122576,0.0650636,4.96204,0.00788197
387.901,0.98883,0.000931468,10,1023,0,-381.362,0.038998,0.00702428,0.062066,0.0529345,15.8968,0.0955169,0.133633,0.00437415,0.783432,0.00827001,4.08321,2.77645,0.142668,0.121373,0.0658831,5.08205,0.00577576
386.464,0.832257,0.000931468,10,1023,0,-378.443,0.03883,0.011124,0.062385,0.0522189,19.3184,0.0924445,0.128578,0.00454434,0.737542,0.00869572,13.3942,2.58127,0.141297,0.124691,0.0660357,5.02339,0.00540353
385.421,0.996233,0.000931468,10,1023,0,-379.761,0.0389907,0.0118107,0.0614642,0.0529206,16.3262,0.0856066,0.129751,0.00439402,0.733113,0.00877656,13.4069,2.58628,0.138417,0.12693,0.0657177,5.00068,0.00565077
386.067,0.999931,0.000931468,10,1023,0,-374.409,0.0396488,0.0103154,0.0628197,0.0566881,17.3214,0.0971871,0.110925,0.00433531,0.46256,0.00897369,8.37607,2.93631,0.130516,0.140198,0.0669902,4.93035,0.00962134
386.032,0.957825,0.000931468,10,1023,0,-375.207,0.0424493,0.0117134,0.0604126,0.0616329,12.6964,0.119355,0.106262,0.00339717,0.422585,0.00894203,7.90407,2.40142,0.128675,0.138469,0.066808,5.00789,0.0127341
385.215,0.940425,0.000931468,10,1023,0,-375.328,0.0424651,0.010795,0.0628583,0.0629856,12.6986,0.117395,0.108826,0.00313228,0.411443,0.00913163,5.88643,2.6432,0.128405,0.137333,0.0666105,5.03482,0.0106991
380.348,0.9991,0.000931468,10,1023,0,-377.489,0.0425748,0.0137073,0.0600586,0.0667829,11.4325,0.088357,0.111233,0.00319508,0.340601,0.00925656,8.82955,3.17353,0.129744,0.140333,0.0681845,4.97725,0.0117029
383.318,0.974298,0.000931468,10,1023,0,-369.824,0.0423473,0.0122533,0.059436,0.0640404,12.8602,0.0739542,0.1121,0.00319618,0.362936,0.00917092,10.6995,3.00792,0.131688,0.138628,0.0676462,4.97338,0.00824728
386.192,0.980604,0.000931468,10,1023,0,-379.48,0.0431714,0.0101834,0.0613128,0.0664294,15.8464,0.0961389,0.0980947,0.00358368,0.335912,0.00839929,8.38293,2.63726,0.133129,0.133418,0.0677577,5.08381,0.00446483
384.629,0.81832,0.000931468,10,1023,0,-369.757,0.0424007,0.00821416,0.0598399,0.0655959,19.3808,0.09197,0.0974653,0.00335066,0.276547,0.00777038,7.46895,2.60731,0.133259,0.136205,0.0679227,5.02924,0.00218227
384.073,0.878043,0.000931468,10,1023,0,-377.834,0.0428037,0.00922173,0.0590442,0.0648973,19.3866,0.0971767,0.0997427,0.00350554,0.265042,0.00773402,8.96196,2.60536,0.13243,0.134808,0.0669739,5.03306,0.00207134
384.401,0.997403,0.000931468,10,1023,0,-374.513,0.0418304,0.00971147,0.0603358,0.0620507,18.1404,0.125519,0.103751,0.00332914,0.271622,0.00791095,7.31353,2.61573,0.137547,0.130288,0.0671915,5.04032,0.00106646
385.955,0.971109,0.000931468,10,1023,0,-379.33,0.0413334,0.0088917,0.0616391,0.0626406,17.6562,0.117142,0.100704,0.00344388,0.267538,0.00823844,6.38981,2.52589,0.132897,0.133758,0.0673673,5.06918,0.0016084
382.222,0.944744,0.000931468,10,1023,0,-376.873,0.0405605,0.00816974,0.0669477,0.0629033,21.1954,0.115087,0.0926248,0.00259915,0.261548,0.00836821,7.06761,2.25819,0.129754,0.141057,0.0690665,5.05303,0.00131782
384.581,0.99953,0.000931468,10,1023,0,-368.944,0.0422822,0.00580865,0.0632801,0.0613926,17.712,0.0866879,0.101192,0.00268706,0.20848,0.00918216,3.8452,2.46128,0.140446,0.129393,0.0666202,4.95458,0.00178702
385.059,0.996437,0.000931468,10,1023,0,-374.878,0.0382291,0.00529769,0.0680252,0.058356,20.995,0.107016,0.102779,0.00248517,0.241939,0.00821101,2.73488,2.57614,0.122701,0.147162,0.0654379,4.89367,0.00105153
384.813,0.852412,0.000931468,10,1023,0,-373.963,0.0384599,0.00578063,0.0668201,0.0568008,20.5555,0.102137,0.109127,0.0025225,0.427456,0.00833478,3.33198,2.60966,0.126486,0.140875,0.0632464,4.81705,0.000602112
385.041,0.955675,0.000931468,10,1023,0,-379.379,0.0381203,0.00559568,0.0668993,0.0555218,19.2447,0.119797,0.107505,0.00259718,0.370979,0.00829424,2.9511,2.24645,0.127759,0.139485,0.0640789,4.87547,0.000481823
384.729,0.945918,0.000931468,10,1023,0,-376.747,0.0381237,0.00559127,0.066878,0.055537,19.2619,0.119655,0.107456,0.00259583,0.371173,0.00829553,2.94803,2.24407,0.127744,0.139538,0.064084,4.87515,0.000481919
383.908,0.999051,0.000931468,10,1023,0,-374.36,0.0371793,0.0085326,0.0667857,0.0517478,14.2585,0.12313,0.113117,0.00265846,0.401846,0.00849781,5.11699,2.16819,0.1241,0.145373,0.0645823,4.8492,0.00014756
382.751,0.993407,0.000931468,10,1023,0,-374.911,0.0378056,0.00945,0.0647217,0.0523535,18.9538,0.133375,0.119338,0.00313378,0.469791,0.0088384,6.9398,2.31735,0.116489,0.155946,0.0662054,4.90851,0.000153453
382.225,0.727203,0.000931468,10,1023,0,-365.544,0.040327,0.0113157,0.0637413,0.0551281,17.4825,0.111115,0.111653,0.00395202,0.705271,0.00737362,9.91263,2.59384,0.109931,0.163609,0.0669669,4.97508,0.000243473
379.886,0.956506,0.000931468,10,1023,0,-375.004,0.0402237,0.0132895,0.0650761,0.0556026,20.0371,0.102163,0.11305,0.00443999,0.692653,0.00755522,14.5573,2.86567,0.115482,0.158369,0.0669445,4.9364,0.000471716
382.734,0.975713,0.000931468,10,1023,0,-374.806,0.040331,0.0108791,0.0643446,0.0541738,20.908,0.120153,0.114387,0.00402706,0.64989,0.0083288,9.69806,2.76278,0.121398,0.150699,0.0666426,4.92101,0.000769747
386.771,0.995479,0.000931468,10,1023,0,-374.526,0.0382285,0.0124057,0.0579788,0.0579464,11.1047,0.11061,0.105821,0.00580589,0.66536,0.00757133,8.20573,2.52875,0.123507,0.143037,0.0651637,4.96039,0.000637089
387.106,0.895452,0.000931468,10,1023,0,-376.436,0.0395675,0.0113719,0.0553892,0.0570819,14.6336,0.134574,0.106647,0.00558645,0.779021,0.00726951,9.0448,2.2236,0.125646,0.144083,0.0653386,4.89164,0.000574954
381.522,0.997388,0.000931468,10,1023,0,-376.989,0.0397526,0.00994006,0.0554827,0.0538532,15.4725,0.129676,0.105803,0.00546241,0.707171,0.00647559,9.85047,1.64522,0.113433,0.153428,0.0639123,4.92583,0.000183784
380.355,0.999647,0.000931468,10,1023,0,-373.072,0.0388676,0.00807535,0.0548705,0.0520443,18.862,0.135679,0.108047,0.00544128,0.892725,0.00652924,8.85985,1.46554,0.120007,0.149358,0.0662857,4.98386,0.000209833
382.246,0.999794,0.000931468,10,1023,0,-376.059,0.0392067,0.00865008,0.0560503,0.0541177,18.8658,0.148993,0.104613,0.00491639,0.901454,0.00661131,8.85411,1.47745,0.115027,0.156045,0.0664033,4.9777,0.00013181
379.65,0.988636,0.000931468,10,1023,0,-371.511,0.0393598,0.0117536,0.0544153,0.0565939,16.9708,0.122218,0.100852,0.00503156,0.95622,0.00657852,16.8313,1.56285,0.113104,0.1627,0.0671303,4.92626,0.000156217
384.027,0.999721,0.000931468,10,1023,0,-375.875,0.0400624,0.00829803,0.0537025,0.0596328,14.8245,0.0948208,0.102523,0.00479495,0.89485,0.00677666,8.69466,1.62262,0.106167,0.169061,0.06658,4.95822,7.62025e-05
383.934,0.986935,0.000931468,10,1023,0,-379.3,0.0408882,0.00855999,0.0550333,0.0596733,15.396,0.104245,0.104138,0.00459556,0.967831,0.0066686,8.50356,1.65054,0.105431,0.167054,0.0658898,4.99186,7.13002e-05
384.3,0.999987,0.000931468,10,1023,0,-374.852,0.0400634,0.00864405,0.0540922,0.0592148,17.4337,0.102583,0.107044,0.0047425,0.949009,0.0066666,9.69457,1.68387,0.102122,0.174049,0.0661312,4.974,8.78217e-05
385.035,0.933746,0.000931468,10,1023,0,-377.89,0.039776,0.00879638,0.0577656,0.0600748,16.5805,0.102749,0.102461,0.00478734,0.849557,0.00691489,7.72312,2.05995,0.101928,0.174259,0.0656728,4.9469,7.32505e-05
386.958,0.99992,0.000931468,10,1023,0,-378.571,0.0384317,0.00910393,0.0564012,0.0619695,13.5569,0.109746,0.0968353,0.00488632,0.662202,0.00763951,6.28326,2.19226,0.11663,0.155407,0.0654817,4.8813,0.000114615
385.078,0.888191,0.000931468,10,1023,0,-379.862,0.0378388,0.0092789,0.0556241,0.0588904,15.3288,0.104397,0.104087,0.004922,0.587669,0.00744585,8.07636,2.09906,0.11375,0.158217,0.0656821,4.91271,0.000137869
385.508,0.998643,0.000931468,10,1023,0,-377.704,0.0372652,0.00934906,0.0521845,0.0605431,15.4233,0.11658,0.107283,0.00490712,0.616955,0.00749445,8.09099,1.9727,0.118447,0.151274,0.0656182,4.92935,0.000110708
383.679,0.953011,0.000931468,10,1023,0,-372.817,0.0391987,0.0062272,0.0520781,0.0636449,16.426,0.0788777,0.0962799,0.00444676,0.592541,0.00739502,6.42183,1.816,0.127479,0.139941,0.0644171,4.89322,0.000318771
385.729,0.997855,0.000931468,10,1023,0,-379.703,0.0393766,0.00688053,0.0535255,0.062517,14.8651,0.0737355,0.0972652,0.00437911,0.540902,0.0074929,7.17365,1.93455,0.130614,0.136311,0.0642489,4.89558,0.00035796
385.575,0.999773,0.000931468,10,1023,0,-375.726,0.0404462,0.00719314,0.0546708,0.0624297,14.9229,0.0796047,0.101366,0.00416983,0.581004,0.00757291,6.98865,1.89522,0.124711,0.140393,0.0637386,4.9095,0.00013757
382.649,0.99871,0.000931468,10,1023,0,-373.95,0.0432046,0.0112465,0.0560512,0.0586507,15.8784,0.134588,0.0999333,0.00368959,0.690879,0.00717393,11.6773,1.69313,0.111413,0.166228,0.0655236,4.81293,9.6918e-05
384.781,0.999082,0.000931468,10,1023,0,-377.793,0.0436652,0.0110169,0.0574066,0.0597635,15.7451,0.14527,0.0984867,0.00388623,0.737702,0.00736579,9.49625,1.82293,0.113892,0.160314,0.0647289,4.8145,8.78274e-05
385.59,0.997671,0.000931468,10,1023,0,-380.827,0.0432284,0.0110613,0.0566244,0.0600364,14.9983,0.142866,0.10153,0.00398839,0.753509,0.00714735,8.79651,1.92509,0.112209,0.161595,0.0646349,4.82368,9.70414e-05
385.232,0.894615,0.000931468,10,1023,0,-376.897,0.0399418,0.0112086,0.056908,0.0617912,13.1528,0.191037,0.10436,0.00383621,0.745733,0.00756777,5.3997,2.10369,0.115378,0.1574,0.0658871,4.89423,3.9764e-05
384.178,0.969262,0.000931468,10,1023,0,-377.632,0.0401718,0.0151806,0.0600209,0.063679,13.175,0.174091,0.0982308,0.00350967,0.745747,0.00779586,10.3171,2.11045,0.113821,0.15623,0.0658066,4.95165,6.44196e-05
381.292,0.682322,0.000931468,10,1023,0,-372.907,0.0430636,0.012469,0.0599362,0.061929,14.437,0.18696,0.106119,0.00317996,0.822394,0.0080233,6.20311,2.39025,0.106813,0.175601,0.0683518,4.89731,6.34091e-05
380.724,0.993328,0.000931468,10,1023,0,-373.297,0.0443775,0.00939049,0.0595604,0.0626001,17.1852,0.187278,0.10444,0.00286902,0.856393,0.00743611,4.39702,2.3396,0.104566,0.179421,0.068155,4.89865,8.23594e-05
382.294,0.995179,0.000931468,10,1023,0,-376.271,0.0432387,0.0101735,0.0600721,0.0637174,16.9728,0.185175,0.107039,0.00275186,0.777995,0.00734104,4.60985,2.56715,0.104999,0.174505,0.0673763,4.93102,6.604e-05
382.264,0.976584,0.000931468,10,1023,0,-374.114,0.0428955,0.00989682,0.0632416,0.0631938,16.2064,0.149373,0.107712,0.00244502,0.740758,0.00727815,4.99668,2.55095,0.104345,0.169755,0.0662397,4.97822,0.000129201
380.764,0.861116,0.000931468,10,1023,0,-370.225,0.0382848,0.0122917,0.066663,0.0593869,15.6358,0.195479,0.104337,0.00265317,0.838043,0.00681574,5.68522,2.5607,0.101668,0.178213,0.0659426,4.90089,0.000288239
381.344,0.990987,0.000931468,10,1023,0,-372.959,0.038822,0.0149171,0.0680085,0.0551243,10.4527,0.180427,0.117658,0.0022216,0.656489,0.00651326,6.13565,2.42823,0.100548,0.176508,0.065271,4.92793,0.000380983
382.329,0.985783,0.000931468,10,1023,0,-372.24,0.0387514,0.0138986,0.0679461,0.0557645,10.9788,0.186994,0.115819,0.00212923,0.746424,0.0063959,5.7166,2.38016,0.102836,0.171296,0.0658167,4.98996,0.000458668
381.352,0.95592,0.000931468,10,1023,0,-372.4,0.03575,0.0128574,0.0667435,0.05807,11.4883,0.194809,0.109531,0.00220316,0.634287,0.00666372,5.37073,2.22981,0.104864,0.16723,0.0672676,5.08687,0.00035569
381.484,0.970356,0.000931468,10,1023,0,-373.909,0.0355407,0.0123644,0.066974,0.0579312,12.4746,0.204756,0.109707,0.00222051,0.595309,0.00661396,5.15322,2.22684,0.104948,0.167236,0.0677551,5.11575,0.000332954
382.522,0.933383,0.000931468,10,1023,0,-377.509,0.0356413,0.0126179,0.0662668,0.058213,14.2848,0.176678,0.111409,0.0022023,0.638597,0.00655858,7.04106,2.23755,0.105665,0.165583,0.0672573,5.09415,0.00044347
382.568,0.941543,0.000931468,10,1023,0,-378.781,0.0349237,0.0122943,0.0653612,0.0572495,17.3052,0.152987,0.111348,0.00209935,0.677378,0.00668911,10.1085,2.12888,0.11006,0.162617,0.0675326,5.03524,0.000722563
382.947,0.794114,0.000931468,10,1023,0,-370.052,0.0368483,0.0162836,0.0645945,0.0573569,15.8914,0.183852,0.113293,0.00220804,0.538079,0.00673291,13.4929,2.05396,0.105026,0.169322,0.0685845,5.11239,0.000861901
387.299,0.98529,0.000931468,10,1023,0,-375.93,0.038207,0.0130689,0.0665678,0.0558633,13.9599,0.115966,0.121813,0.00254111,0.648101,0.00747098,9.55176,2.59666,0.110161,0.163583,0.0700156,5.14342,0.00199755
387.349,0.996146,0.000931468,10,1023,0,-377.689,0.0377614,0.00875933,0.0616542,0.0573595,17.185,0.137674,0.122418,0.00213274,0.917315,0.00717083,5.80117,2.12381,0.110953,0.160027,0.0685572,5.11016,0.00155642
386.106,0.984347,0.000931468,10,1023,0,-375.55,0.0381791,0.00926097,0.0618926,0.0565748,20.8117,0.109224,0.120549,0.00209536,1.04986,0.0072217,10.5893,1.94549,0.110747,0.160742,0.067273,5.02854,0.00128622
384.208,0.921881,0.000931468,10,1023,0,-377.709,0.0378672,0.0102862,0.0617264,0.0567088,20.0475,0.108549,0.118819,0.0019374,1.14259,0.00718088,13.2599,1.86619,0.112906,0.161002,0.0682629,5.02189,0.00146751
385.655,0.998965,0.000931468,10,1023,0,-375.388,0.0388232,0.0101697,0.0636705,0.0598923,21.4762,0.160172,0.109066,0.00231879,1.06347,0.0074035,9.02556,1.94283,0.114091,0.151979,0.0667625,5.10443,0.00267506
386.204,0.888574,0.000931468,10,1023,0,-378.021,0.0385178,0.0106043,0.0652175,0.0561536,13.8851,0.116456,0.109124,0.00204993,0.630401,0.00733458,8.51348,2.08201,0.121252,0.151579,0.068237,4.98176,0.00237558
388.505,0.925135,0.000931468,10,1023,0,-379.964,0.0387786,0.0117302,0.0646172,0.0557472,14.3549,0.127406,0.115304,0.00192317,0.656859,0.0074249,9.627,2.08078,0.120283,0.151546,0.0675336,4.97705,0.00216986
383.712,0.903272,0.000931468,10,1023,0,-369.779,0.0371974,0.00651263,0.0682207,0.055143,16.6391,0.141358,0.104273,0.00195986,0.72365,0.00679216,3.69948,1.775,0.118716,0.148907,0.067447,5.08026,0.0018867
384.309,0.993992,0.000931468,10,1023,0,-372.193,0.035099,0.00983936,0.0672387,0.0543492,13.4999,0.101361,0.11266,0.00240333,0.728988,0.00749288,7.56814,2.19464,0.114599,0.156326,0.0682031,5.05812,0.00288212
384.843,0.849567,0.000931468,10,1023,0,-379.059,0.0355966,0.0102269,0.0667175,0.055421,13.0486,0.112833,0.112016,0.00255925,0.650262,0.00770377,6.69252,2.30873,0.114842,0.156042,0.0678343,5.04497,0.00370797
385.607,0.999846,0.000931468,10,1023,0,-375.526,0.0357018,0.011318,0.0655986,0.0561779,10.1646,0.109466,0.110417,0.0025477,0.584041,0.00755417,6.8826,2.16686,0.110681,0.162416,0.0686646,5.06977,0.00457791
384.786,0.990805,0.000931468,10,1023,0,-376.585,0.0361806,0.0126857,0.0629706,0.0575582,10.0005,0.117102,0.117198,0.00253336,0.603417,0.00747745,7.42205,2.31502,0.110639,0.162702,0.06936,5.10419,0.00216821
385.367,0.774567,0.000931468,10,1023,0,-373.529,0.0378321,0.01064,0.0619923,0.0603341,11.0234,0.13022,0.119773,0.0030606,0.684231,0.0076091,4.63694,2.54922,0.111509,0.161534,0.0716005,5.22265,0.00351646
390.017,0.828235,0.000931468,10,1023,0,-375.209,0.0377948,0.00917466,0.061057,0.0593842,14.0257,0.121004,0.116582,0.00351152,0.731309,0.00788681,5.19584,2.44027,0.11858,0.150146,0.0692945,5.1627,0.00111577
386.712,0.879623,0.000931468,10,1023,0,-380.151,0.0372489,0.0119876,0.0614376,0.0573396,13.7046,0.151627,0.121056,0.00293538,0.735158,0.00814934,7.2945,2.35053,0.123865,0.14759,0.0707691,5.13807,0.000595725
389.08,0.889506,0.000931468,10,1023,0,-378.109,0.0383721,0.0145848,0.0569419,0.0585379,11.0724,0.143869,0.119016,0.00372424,0.657592,0.00796676,10.153,2.06583,0.118615,0.151883,0.0692004,5.10038,0.000802423
388.916,0.999824,0.000931468,10,1023,0,-383.537,0.0377233,0.012987,0.056841,0.0571943,11.0239,0.121317,0.117656,0.00379578,0.641228,0.00781997,10.183,1.95495,0.117816,0.155164,0.0694808,5.07536,0.00121187
387.557,0.999725,0.000931468,10,1023,0,-381.308,0.0360163,0.0138906,0.0526263,0.0660838,13.1667,0.171061,0.104903,0.00426574,0.561126,0.00828538,9.81289,1.93867,0.115431,0.155749,0.0702858,5.15951,0.00179022
384.846,0.873173,0.000931468,10,1023,0,-379.321,0.0341956,0.015541,0.0540933,0.0615989,13.863,0.15386,0.107446,0.00460268,0.607123,0.00844316,15.2036,1.90054,0.125677,0.145136,0.0711366,5.16933,0.00239076
387.157,0.969942,0.000931468,10,1023,0,-378.259,0.0351985,0.0132163,0.0535548,0.0618798,13.8168,0.139375,0.117322,0.00416394,0.616468,0.0083764,10.7257,2.1168,0.119194,0.153231,0.0720518,5.20017,0.00478356
387.625,0.973606,0.000931468,10,1023,0,-373.489,0.0364536,0.00989965,0.0522111,0.0651641,14.164,0.102607,0.109172,0.00374828,0.750042,0.00828921,9.31486,1.92076,0.116747,0.156995,0.0713845,5.14296,0.00605785
387.05,0.978022,0.000931468,10,1023,0,-377.62,0.0372114,0.00951517,0.0516759,0.0640628,12.3976,0.096182,0.117063,0.00336725,0.791386,0.00845309,7.66329,2.01974,0.119624,0.154742,0.0707256,5.07424,0.00772914
389.02,0.957503,0.000931468,10,1023,0,-384.411,0.0371811,0.00906716,0.052861,0.0650849,11.4718,0.0908775,0.11695,0.00358709,0.816075,0.00900955,6.88998,1.87729,0.118071,0.150471,0.0697098,5.16436,0.00698458
389.191,0.996133,0.000931468,10,1023,0,-379.362,0.0371654,0.00916514,0.0521657,0.0648603,13.4629,0.100624,0.114714,0.00362673,0.951317,0.00897742,8.14325,1.73978,0.118758,0.150886,0.0697895,5.13357,0.00685999
389.072,0.981355,0.000931468,10,1023,0,-383.101,0.0371932,0.00802964,0.0514687,0.0635599,13.0821,0.115674,0.112857,0.00383922,0.91687,0.00934367,5.57231,1.74098,0.12387,0.150615,0.0715845,5.09796,0.00666474
385.62,0.729135,0.000931468,10,1023,0,-379.969,0.0370923,0.00740677,0.0495508,0.0674879,14.9675,0.109981,0.109092,0.00353778,0.829178,0.00886153,5.67118,1.69077,0.117839,0.155601,0.0694268,5.04204,0.00538213
384.478,0.999982,0.000931468,10,1023,0,-373.446,0.0400211,0.00574857,0.0503926,0.0707711,16.15,0.104025,0.10482,0.00296302,0.818044,0.00900405,3.6758,1.64835,0.105251,0.177284,0.069785,4.98244,0.00532972
385.903,0.888512,0.000931468,10,1023,0,-374.743,0.042329,0.0073182,0.049276,0.0647826,10.923,0.0892391,0.122905,0.00357842,0.782745,0.00918002,4.01314,1.95263,0.106982,0.176811,0.0684032,4.85302,0.00629462
386.607,0.940264,0.000931468,10,1023,0,-376.657,0.0426812,0.00745366,0.0491849,0.0633269,10.204,0.0938891,0.122885,0.0035435,0.891423,0.00915701,3.91595,1.95052,0.112447,0.168316,0.0679612,4.84232,0.00516456
384.945,0.999207,0.000931468,10,1023,0,-370.056,0.0425741,0.00701772,0.050572,0.0613476,9.08547,0.0731156,0.121089,0.00348373,0.825633,0.00933336,3.86328,2.00677,0.113289,0.171303,0.067891,4.75235,0.00549904
384.47,0.975865,0.000931468,10,1023,0,-375.93,0.0446591,0.00633452,0.0507552,0.0614574,8.88258,0.0716894,0.109573,0.00422953,0.719514,0.00949184,3.63306,1.70754,0.10976,0.174379,0.0682272,4.81098,0.00511659
388.242,0.850346,0.000931468,10,1023,0,-377.245,0.0406517,0.00717959,0.0494958,0.0587707,10.7166,0.0807264,0.116598,0.00470633,0.682942,0.00864562,5.02607,1.68638,0.102605,0.18472,0.0683137,4.84434,0.00429525
387.115,0.962658,0.000931468,10,1023,0,-383.141,0.0410018,0.00630881,0.0502919,0.056285,10.7595,0.0833984,0.11686,0.00487771,0.666414,0.00879542,3.94912,1.64483,0.103665,0.183575,0.0681219,4.82301,0.00411413
382.691,0.995183,0.000931468,10,1023,0,-377.272,0.0398222,0.00662944,0.0484746,0.0525944,7.49013,0.0610915,0.133507,0.00506935,0.534004,0.00864915,4.18531,1.51847,0.0987876,0.190247,0.0671949,4.81993,0.00114879
385.133,0.997602,0.000931468,10,1023,0,-377.906,0.0410311,0.00892534,0.0525722,0.0528247,9.7105,0.0802766,0.120528,0.00432635,0.549122,0.00843753,7.81591,1.50545,0.103708,0.182898,0.0680298,4.84613,0.00144595
386.375,0.998724,0.000931468,10,1023,0,-380.198,0.0393952,0.00932425,0.0536338,0.0533381,10.3992,0.0714032,0.119505,0.0043808,0.572739,0.00850044,9.88301,1.53667,0.104231,0.178251,0.0676763,4.88004,0.00244582
385.417,0.842142,0.000931468,10,1023,0,-374.359,0.0382096,0.00776548,0.0521829,0.0569547,13.7758,0.0863499,0.107924,0.00462145,0.38131,0.00798242,7.53237,1.7759,0.122126,0.149713,0.0663283,4.87831,0.00540765
387.271,0.989321,0.000931468,10,1023,0,-369.693,0.0376662,0.00635927,0.0526585,0.0566402,12.8729,0.0840379,0.111498,0.0040208,0.389507,0.00816904,4.81818,1.81458,0.124279,0.148685,0.0655582,4.82565,0.0033594
390.669,0.996705,0.000931468,10,1023,0,-383.069,0.0398202,0.00776309,0.0537351,0.0576949,14.7734,0.117819,0.111716,0.00403018,0.300322,0.00828116,5.23959,1.95897,0.121426,0.149442,0.064785,4.82591,0.00563082
389.404,0.991637,0.000931468,10,1023,0,-386.457,0.0387337,0.00816384,0.0554736,0.0549772,14.4318,0.123655,0.103533,0.00439303,0.315445,0.00810926,6.20063,1.74006,0.123601,0.148466,0.0647886,4.79569,0.00528717
389.693,0.984598,0.000931468,10,1023,0,-382.529,0.0388386,0.010197,0.0550922,0.0580693,12.3364,0.130708,0.103198,0.00450334,0.314158,0.0076729,6.90778,1.96883,0.120678,0.149084,0.0654603,4.90541,0.00532111
382.472,0.999956,0.000931468,10,1023,0,-375.066,0.040661,0.0106693,0.0542937,0.0563142,18.4875,0.0882055,0.104221,0.00471059,0.247013,0.00688527,17.6596,1.87661,0.11898,0.14665,0.0637322,4.91262,0.00522482
387.484,0.849125,0.000931468,10,1023,0,-376.057,0.0409627,0.00695593,0.0521915,0.0578866,18.1667,0.104345,0.107471,0.0050805,0.201478,0.00748278,5.46729,2.14124,0.115616,0.154823,0.0648122,4.86045,0.0131686
387.462,0.996396,0.000931468,10,1023,0,-380.281,0.0398892,0.00665178,0.0507245,0.0598234,18.1694,0.0844548,0.109722,0.00524231,0.212702,0.00768759,6.0429,2.12203,0.113405,0.15416,0.0645439,4.91756,0.0149155
385.859,0.999944,0.000931468,10,1023,0,-382.267,0.0392738,0.00657313,0.0491512,0.0628965,18.1951,0.0761246,0.111319,0.00488909,0.227682,0.00804655,6.72995,2.00213,0.115921,0.150219,0.0641747,4.91074,0.0114543
382.557,0.973864,0.000931468,10,1023,0,-375.893,0.0375948,0.00662047,0.0495064,0.0595088,24.9326,0.0734831,0.117351,0.00504549,0.486445,0.00744672,10.0548,2.02732,0.116205,0.152272,0.0663716,4.95123,0.0265208
386.356,0.980433,0.000931468,10,1023,0,-377.121,0.0378879,0.00709154,0.050906,0.0593684,23.7899,0.103746,0.116366,0.00474755,0.442383,0.00752786,7.73545,1.95045,0.10623,0.165924,0.0664114,4.98425,0.0153009
389.691,0.982506,0.000931468,10,1023,0,-379.878,0.0383772,0.0081784,0.054397,0.0599905,21.3166,0.0997908,0.108169,0.00437666,0.355236,0.00763853,9.21463,2.05055,0.113749,0.157422,0.0666813,4.96718,0.00660308
386.479,0.869889,0.000931468,10,1023,0,-373.338,0.035659,0.00853897,0.0514038,0.0546944,17.6469,0.12673,0.121426,0.00496881,0.427696,0.00861289,7.08129,2.0136,0.124239,0.14702,0.0666106,4.88277,0.017676
382.747,0.993603,0.000931468,10,1023,0,-374.622,0.0357907,0.00817391,0.0476245,0.0549514,18.4545,0.114435,0.138487,0.00628148,0.33647,0.00885706,5.96042,2.33782,0.115258,0.15651,0.0667304,4.95019,0.00666555
386.474,0.998258,0.000931468,10,1023,0,-375.222,0.0379279,0.00735552,0.0533918,0.0549352,15.8213,0.102844,0.118272,0.00560031,0.318734,0.00989299,4.80441,2.32589,0.123573,0.151095,0.068418,4.91423,0.00468391
387.732,0.970254,0.000931468,10,1023,0,-378.2,0.0376011,0.0080648,0.0523841,0.0559515,12.1969,0.103487,0.118618,0.00530986,0.31641,0.00979913,4.9993,2.03143,0.123552,0.147038,0.0669646,4.93968,0.00709363
388.665,0.99067,0.000931468,10,1023,0,-375.592,0.0382059,0.0111865,0.0548903,0.0631368,11.2243,0.108653,0.103658,0.00483433,0.437899,0.00964205,7.34876,2.36427,0.133412,0.137759,0.0684418,5.00047,0.00302403
388.811,0.826365,0.000931468,10,1023,0,-381.733,0.0406834,0.0105451,0.0550803,0.0602117,10.1465,0.122407,0.105492,0.00513541,0.550045,0.00903716,5.43299,2.35898,0.131031,0.139312,0.0671177,4.94932,0.0041747
388.185,0.999835,0.000931468,10,1023,0,-377.701,0.0391662,0.0121839,0.056395,0.062259,9.80132,0.131047,0.101794,0.004174,0.585888,0.00920904,7.06371,2.10741,0.134497,0.138121,0.0671972,4.89663,0.00300001
387.865,0.992675,0.000931468,10,1023,0,-381.825,0.0376313,0.0127307,0.0538389,0.062792,10.4302,0.135907,0.110993,0.00362313,0.543075,0.00948888,7.55186,2.24407,0.137352,0.133768,0.0664697,4.89229,0.00399523
388.312,0.999853,0.000931468,10,1023,0,-382.952,0.0369039,0.0124081,0.0526713,0.0633181,11.2866,0.114972,0.112652,0.00352912,0.550881,0.00986567,9.79336,2.03878,0.136333,0.134979,0.0667877,4.90124,0.00404715
387.236,0.825078,0.000931468,10,1023,0,-377.317,0.0356293,0.0117953,0.0539748,0.0607331,12.5173,0.145614,0.115086,0.00328763,0.597796,0.00949038,8.77105,1.82531,0.13856,0.130826,0.0661438,4.92038,0.00668331
386.962,0.998997,0.000931468,10,1023,0,-375.465,0.035726,0.0102108,0.0525765,0.0598322,13.7427,0.16722,0.112726,0.00338962,0.612874,0.00920151,7.20651,1.709,0.148132,0.122912,0.0663996,4.92255,0.0107025
387.21,0.885036,0.000931468,10,1023,0,-377.762,0.0364687,0.00935063,0.0538173,0.0599659,15.9634,0.125577,0.112752,0.00377846,0.563879,0.00950836,8.94236,1.72251,0.14644,0.120892,0.066216,5.01235,0.00913545
387.285,0.998749,0.000931468,10,1023,0,-380.011,0.0358881,0.00998202,0.0544723,0.0611011,17.1483,0.128926,0.113885,0.0037842,0.620328,0.00977467,9.67534,1.9115,0.149154,0.118238,0.0662506,5.03196,0.00656424
389.335,0.938985,0.000931468,10,1023,0,-379.74,0.0364782,0.0109055,0.0529739,0.0598459,16.1313,0.161727,0.115419,0.00397894,0.500264,0.00951546,8.96344,1.82165,0.139874,0.128033,0.0670484,5.0138,0.0064108
388.363,0.935277,0.000931468,10,1023,0,-380.525,0.0360769,0.0118696,0.0498147,0.0661663,12.043,0.126082,0.110292,0.00357116,0.625061,0.0090568,9.49799,1.91321,0.134131,0.138019,0.0676785,4.93263,0.00385821
386.989,0.872078,0.000931468,10,1023,0,-378.245,0.036436,0.0117336,0.0499076,0.065761,12.4321,0.128606,0.110077,0.0036134,0.621226,0.00909466,9.3986,1.92487,0.135323,0.137662,0.067817,4.92286,0.00424525
385.555,0.956788,0.000931468,10,1023,0,-378.519,0.036054,0.0114112,0.0490333,0.0675484,12.5016,0.13875,0.101318,0.00410747,0.559291,0.00929416,9.25275,1.76191,0.140099,0.130477,0.06717,4.95877,0.00401126
385.446,0.971675,0.000931468,10,1023,0,-377.93,0.03801,0.0119103,0.0548438,0.0626801,12.5833,0.139965,0.0994761,0.00442897,0.472512,0.00894489,10.034,1.83159,0.152209,0.117153,0.0674332,5.084,0.00197668
385.548,0.920985,0.000931468,10,1023,0,-373.827,0.0366646,0.0124438,0.0576777,0.0615768,15.5367,0.186826,0.097867,0.00448601,0.515729,0.0086452,8.9359,2.15983,0.153104,0.116832,0.0679003,5.09771,0.00213595
382.749,0.978196,0.000931468,10,1023,0,-379.504,0.0372282,0.0127522,0.0583189,0.0609021,18.3943,0.211475,0.0960368,0.00486823,0.499689,0.00879414,10.159,2.0565,0.146901,0.119381,0.0676091,5.14812,0.00176646
382.076,0.999999,0.000931468,10,1023,0,-372.631,0.037106,0.0112117,0.0553002,0.0621064,22.4928,0.217542,0.0981377,0.0052181,0.483494,0.00897213,9.2153,2.06913,0.144412,0.121283,0.0672538,5.1241,0.00291479
386.89,0.957295,0.000931468,10,1023,0,-377.239,0.0374768,0.0125392,0.0543433,0.0613571,21.4306,0.180626,0.106091,0.00504324,0.462821,0.00872674,12.5444,2.1717,0.145448,0.122212,0.0686471,5.15114,0.00337952
388.497,0.999679,0.000931468,10,1023,0,-384.075,0.0370791,0.0129841,0.0562119,0.0626312,17.3245,0.156928,0.10335,0.00485061,0.440065,0.00862682,11.0892,2.38813,0.142841,0.123249,0.0680305,5.13708,0.0050189
384.636,0.76335,0.000931468,10,1023,0,-378.694,0.0368499,0.00966816,0.0597242,0.0663672,17.8761,0.17131,0.0904379,0.00447084,0.414715,0.00834906,5.62499,2.5687,0.155246,0.112016,0.0665161,5.10903,0.00619364
386.462,0.991484,0.000931468,10,1023,0,-375.892,0.0365802,0.0112199,0.0596575,0.0624185,14.2015,0.127891,0.092907,0.00507278,0.348445,0.00813216,7.79674,2.69975,0.153851,0.113925,0.0669797,5.11509,0.00796337
386.874,0.987309,0.000931468,10,1023,0,-378.397,0.0362955,0.0112685,0.0588233,0.0638456,12.9985,0.147814,0.0910212,0.00505965,0.280117,0.00815981,6.55281,2.56974,0.155242,0.111021,0.0662644,5.13629,0.00728319
385.208,0.886875,0.000931468,10,1023,0,-373.821,0.0354101,0.0153692,0.05703,0.0614401,13.6684,0.146103,0.103701,0.00475697,0.225948,0.00828648,12.1675,2.59507,0.153502,0.112168,0.0643043,5.02847,0.00328026
383.786,0.846318,0.000931468,10,1023,0,-376.943,0.0350909,0.0112574,0.0548126,0.0568105,13.8004,0.111529,0.10794,0.00547499,0.266892,0.00773312,9.46348,2.678,0.165511,0.105087,0.0641835,5.01272,0.00205104
381.035,0.985878,0.000931468,10,1023,0,-369.037,0.03703,0.0122541,0.0556082,0.0567229,11.3823,0.0712429,0.109979,0.00586649,0.223766,0.00765975,12.0669,2.94022,0.159914,0.108524,0.0639192,4.99381,0.00423475
380.891,0.999825,0.000931468,10,1023,0,-373.216,0.0374803,0.0121353,0.0542973,0.0585373,9.39585,0.0709721,0.114554,0.00533261,0.18376,0.00750207,10.3725,2.84031,0.170505,0.0978348,0.0623057,5.04086,0.00828968
384.596,0.948303,0.000931468,10,1023,0,-374.862,0.0374161,0.00973362,0.0531732,0.0538742,12.0254,0.0971331,0.12178,0.00484202,0.16804,0.00776906,8.36798,2.27609,0.171643,0.100122,0.0638306,5.02022,0.00844217
384.381,0.970633,0.000931468,10,1023,0,-378.399,0.0390554,0.00999656,0.0555686,0.053459,13.6928,0.108855,0.115068,0.00514012,0.199886,0.00802996,8.79433,2.38061,0.178856,0.0953069,0.0639769,5.05897,0.00985607
385.24,0.964233,0.000931468,10,1023,0,-375.955,0.038758,0.0105139,0.0603717,0.0502464,11.0728,0.138307,0.117212,0.00468123,0.234103,0.00728169,6.27785,2.33399,0.172174,0.097532,0.0640594,5.1151,0.0110016
381.372,0.92225,0.000931468,10,1023,0,-374.636,0.0391915,0.0114169,0.0635287,0.0494366,10.5852,0.106571,0.110935,0.00500938,0.273266,0.00695237,9.48867,2.2448,0.17248,0.0943894,0.0637845,5.22742,0.00634318
384.632,0.978717,0.000931468,10,1023,0,-373.994,0.0383523,0.00726041,0.0590693,0.0506438,17.3777,0.0775032,0.116863,0.00497839,0.211907,0.00799747,8.69131,2.24118,0.171423,0.100624,0.0669403,5.19129,0.00758232
386.703,0.998799,0.000931468,10,1023,0,-382.014,0.0374457,0.00750879,0.0613536,0.0508275,15.8748,0.0843816,0.111504,0.00533832,0.257577,0.00787052,7.42951,2.30099,0.163358,0.103601,0.06677,5.23703,0.0088109
385.842,0.906908,0.000931468,10,1023,0,-379.117,0.0371762,0.00801823,0.0588902,0.0522022,17.6562,0.0763972,0.114185,0.00507675,0.266374,0.00705627,10.2608,2.32969,0.157782,0.105573,0.064991,5.17679,0.0144793
386.225,0.958578,0.000931468,10,1023,0,-368.621,0.0370664,0.0063051,0.0603392,0.0504745,14.9656,0.0761576,0.122726,0.00516523,0.427247,0.00689637,4.82389,2.32051,0.12889,0.13003,0.065137,5.11775,0.0166166
387.99,0.999229,0.000931468,10,1023,0,-380.383,0.0368741,0.00669025,0.0595804,0.051938,11.727,0.0849333,0.124004,0.00463851,0.464575,0.00729353,3.85603,2.3225,0.134299,0.127796,0.0659142,5.09611,0.0135249
386.926,0.982554,0.000931468,10,1023,0,-378.261,0.0368806,0.00670469,0.0586022,0.0519163,10.9267,0.0761428,0.128078,0.00451618,0.467211,0.00751721,3.88346,2.44225,0.137686,0.125152,0.0663498,5.09958,0.0127262
386.886,0.971555,0.000931468,10,1023,0,-378.601,0.0366609,0.00705316,0.0607949,0.0515992,9.6633,0.0738375,0.126864,0.00451434,0.448514,0.00763967,3.61641,2.59637,0.137817,0.124825,0.0661765,5.1072,0.0104556
384.307,0.99998,0.000931468,10,1023,0,-377.117,0.037799,0.00707056,0.0583974,0.0540249,9.61472,0.0991983,0.138047,0.00455999,0.452437,0.00767105,2.17122,3.0594,0.138473,0.125247,0.0662948,5.07991,0.0122351
383.515,0.98916,0.000931468,10,1023,0,-377.88,0.0378071,0.00725093,0.0577056,0.0538682,10.0269,0.104871,0.139232,0.00394011,0.386283,0.00756134,2.25499,3.09567,0.137294,0.128477,0.065709,5.00102,0.00525648
384.91,0.999978,0.000931468,10,1023,0,-373.792,0.0403905,0.00930589,0.0591495,0.0521604,8.41897,0.111372,0.128002,0.00436,0.396966,0.00755363,4.22487,2.23155,0.14393,0.119229,0.0657469,5.12501,0.000665316
385.681,0.999818,0.000931468,10,1023,0,-379.928,0.0390133,0.0121685,0.0606583,0.0536331,8.77391,0.0851894,0.1193,0.00462865,0.377564,0.00815407,8.05485,2.68757,0.148407,0.120134,0.0676651,5.09572,0.000753403
387.73,0.98406,0.000931468,10,1023,0,-376.314,0.0380596,0.0103516,0.0612977,0.0500505,11.5275,0.0895747,0.110539,0.00499968,0.364385,0.00827579,10.0339,2.01529,0.144961,0.122863,0.0668197,5.0498,0.000648166
387.227,0.938154,0.000931468,10,1023,0,-379.629,0.0386484,0.0106877,0.0644246,0.0505347,11.4418,0.0830464,0.104914,0.00457491,0.326027,0.00807858,11.0883,1.95436,0.133136,0.133919,0.0667401,5.02652,0.000589246
387.693,0.944343,0.000931468,10,1023,0,-380.828,0.0383132,0.0102049,0.06316,0.0502025,10.8234,0.093923,0.103584,0.00456816,0.280967,0.00800215,9.19411,1.82861,0.133808,0.133567,0.066178,4.98751,0.000793593
386.253,0.926716,0.000931468,10,1023,0,-377.699,0.0393729,0.007964,0.0640982,0.0521054,12.4345,0.0586864,0.105043,0.00408886,0.250493,0.00879061,8.71168,2.1139,0.133,0.137867,0.0676039,4.96753,0.000887863
386.433,0.994609,0.000931468,10,1023,0,-383.441,0.0393843,0.00812512,0.0641609,0.053029,12.1366,0.0692325,0.103298,0.00402204,0.257671,0.00925222,7.49077,2.13806,0.136731,0.135601,0.067954,4.95508,0.000805651
384.242,0.997003,0.000931468,10,1023,0,-369.563,0.0384904,0.00773792,0.0612665,0.0519687,10.882,0.0493662,0.114559,0.00414425,0.255881,0.00844208,7.87963,2.28635,0.128301,0.145442,0.0687294,4.97256,0.000269526
386.493,0.88122,0.000931468,10,1023,0,-378.544,0.0392309,0.00846936,0.0621704,0.0539799,10.8301,0.0593331,0.113974,0.00415631,0.31989,0.00922433,7.19164,2.33257,0.124075,0.148449,0.0684112,4.98995,0.000246691
386.241,0.938661,0.000931468,10,1023,0,-377.798,0.0394538,0.00810043,0.0613098,0.0541194,10.737,0.0583582,0.112608,0.0043267,0.326007,0.00915434,6.6679,2.36404,0.12494,0.148444,0.0684814,4.96345,0.000333966
387.672,0.999579,0.000931468,10,1023,0,-370.906,0.0388782,0.00772141,0.0614889,0.0548073,11.3269,0.06431,0.108563,0.00452317,0.315989,0.00886222,5.99815,2.31902,0.123616,0.147127,0.0680105,5.01046,0.000582969
386.436,0.999821,0.000931468,10,1023,0,-376.738,0.0380229,0.00863119,0.062416,0.0542718,9.83149,0.0682677,0.107714,0.00463917,0.294697,0.00863635,5.98318,2.34885,0.125214,0.146169,0.0680007,4.9895,0.000659108
386.751,0.995273,0.000931468,10,1023,0,-382.967,0.0382214,0.0120177,0.0620255,0.0514345,10.4308,0.10541,0.111613,0.0049891,0.351322,0.00813282,8.12567,2.30926,0.117936,0.152973,0.0677233,5.01716,0.000822649
386.246,0.997413,0.000931468,10,1023,0,-378.593,0.0376831,0.0119428,0.0620159,0.0521418,9.62187,0.102994,0.110244,0.00521298,0.34737,0.00807871,7.49885,2.2954,0.11826,0.15485,0.0687011,5.01963,0.00128972
386.438,0.960809,0.000931468,10,1023,0,-381.511,0.0380569,0.0105968,0.0604602,0.0521383,9.96638,0.0889167,0.110535,0.00555317,0.349508,0.00821162,7.5842,2.17405,0.120457,0.149685,0.0679047,5.03063,0.00169338
388.136,0.890973,0.000931468,10,1023,0,-377.081,0.0382872,0.00658946,0.0532421,0.0549472,10.8906,0.0868728,0.118389,0.00571941,0.286114,0.00851729,3.48501,2.11789,0.120203,0.149355,0.0677849,5.03649,0.00214947
385.267,0.978883,0.000931468,10,1023,0,-378.465,0.036856,0.00646506,0.0532673,0.051915,10.3838,0.0942269,0.120836,0.00553751,0.230189,0.0084323,3.32532,1.98144,0.12614,0.142957,0.0677503,5.04172,0.00145946
386.439,0.788001,0.000931468,10,1023,0,-375.924,0.0377212,0.00637661,0.056519,0.0516247,9.24037,0.0969283,0.110695,0.00599818,0.337192,0.00895327,2.41347,2.25157,0.121158,0.154374,0.0686149,4.93602,0.00212261
386.713,0.983844,0.000931468,10,1023,0,-381.135,0.0378965,0.0075024,0.0565393,0.0513713,7.64621,0.111308,0.110105,0.00616062,0.44865,0.0092885,2.63274,2.00417,0.117853,0.157299,0.0680725,4.93283,0.0016815
381.458,0.95185,0.000931468,10,1023,0,-374.609,0.0385051,0.00781355,0.0542565,0.0528986,6.09906,0.100181,0.0960491,0.00714886,0.573325,0.00820751,2.91012,1.89845,0.120668,0.154758,0.0677273,4.89832,0.00478227
383.989,0.998772,0.000931468,10,1023,0,-378.544,0.0387586,0.0078043,0.0543386,0.0533754,5.92802,0.0956737,0.0957787,0.00747014,0.550509,0.00801985,2.78396,1.96896,0.118965,0.155451,0.0672979,4.90386,0.00535874
387.6,0.999038,0.000931468,10,1023,0,-374.89,0.0394819,0.00865347,0.0663712,0.053538,7.49582,0.0814285,0.0973881,0.00575549,0.767675,0.00792744,3.96645,2.27791,0.116702,0.153025,0.0670193,5,0.00551526
387.944,0.967603,0.000931468,10,1023,0,-371.701,0.0378291,0.00644111,0.0548423,0.0622199,8.38249,0.0628616,0.0995842,0.00479662,0.860791,0.00838076,3.72435,1.91663,0.114277,0.159371,0.0648336,4.80749,0.0056315
388.219,0.999324,0.000931468,10,1023,0,-379.963,0.0381449,0.00652336,0.0550056,0.0621523,8.7278,0.0615039,0.0994022,0.00479138,0.865621,0.00841242,4.08315,1.90705,0.114379,0.158392,0.0645772,4.81246,0.00535232
386.763,0.981216,0.000931468,10,1023,0,-380.27,0.0371076,0.00698192,0.0529784,0.0607875,8.82196,0.0633436,0.103268,0.00460836,0.674671,0.00768744,4.64572,1.90454,0.107366,0.169161,0.0650706,4.81043,0.0109268
384.672,0.967243,0.000931468,10,1023,0,-375.575,0.0355339,0.0101731,0.0563382,0.0578959,11.0554,0.0711581,0.105484,0.00532636,0.682224,0.00750899,9.49273,2.14254,0.107234,0.164817,0.0643689,4.8685,0.00948952
382.705,0.984502,0.000931468,10,1023,0,-371.098,0.0358451,0.00960986,0.0576325,0.0579583,13.9804,0.0582142,0.104949,0.00506651,0.770722,0.00696705,12.6538,2.22374,0.106896,0.165193,0.0635036,4.83081,0.00632679
387.4,0.980766,0.000931468,10,1023,0,-377.775,0.0359611,0.00663341,0.055075,0.056616,15.7286,0.0883922,0.107398,0.00520224,0.569082,0.00763814,5.00482,2.10659,0.113722,0.157719,0.0634086,4.77861,0.00650907
387.364,0.994164,0.000931468,10,1023,0,-377.611,0.0372472,0.00587008,0.0593334,0.0529794,11.9016,0.0973381,0.105705,0.00451363,0.477532,0.00843275,2.79549,2.03067,0.117417,0.155463,0.0637776,4.72116,0.0144375
384.752,0.948405,0.000931468,10,1023,0,-379.989,0.0355445,0.00524469,0.0596728,0.052913,11.2002,0.09924,0.102984,0.0046761,0.405664,0.00870012,2.08123,1.93728,0.112182,0.162303,0.0632636,4.70107,0.0112863
386.38,0.927152,0.000931468,10,1023,0,-374.893,0.0372385,0.00642235,0.064682,0.0530864,10.9376,0.192918,0.0945039,0.00443553,0.583781,0.0086087,1.65691,1.94152,0.123287,0.148486,0.0650087,4.80173,0.0098788
387.718,0.995419,0.000931468,10,1023,0,-376.82,0.0373051,0.00639284,0.0652658,0.0522145,13.1084,0.181557,0.0991762,0.00417726,0.543076,0.00884362,2.0684,1.92049,0.122613,0.147836,0.0648087,4.83419,0.00499947
385.985,0.953159,0.000931468,10,1023,0,-375.665,0.0382986,0.00629189,0.0637612,0.0540671,11.0336,0.177011,0.0963858,0.00437332,0.845904,0.00987237,1.84867,1.72063,0.120722,0.154002,0.0661441,4.79152,0.0144691
385.204,0.993428,0.000931468,10,1023,0,-378.806,0.0381974,0.00673745,0.0646889,0.0522196,11.4994,0.189385,0.0955339,0.00451922,0.892939,0.00986652,2.15594,1.66423,0.121032,0.153189,0.0655546,4.76918,0.0145523
383.45,0.903314,0.000931468,10,1023,0,-372.399,0.0369046,0.00793044,0.0631463,0.0544553,11.6803,0.168462,0.104094,0.00379415,0.961568,0.00923515,3.04351,1.78854,0.112787,0.156464,0.0630009,4.76458,0.026224
384.472,0.999064,0.000931468,10,1023,0,-371.275,0.0392059,0.0154564,0.0677782,0.0539941,10.0617,0.221611,0.114347,0.00322534,1.27051,0.00957483,5.47731,2.40928,0.12258,0.148536,0.0648154,4.77412,0.019327
387.553,0.998549,0.000931468,10,1023,0,-374.535,0.0390306,0.0128673,0.0648995,0.0548662,12.2398,0.200344,0.118554,0.00322971,1.07701,0.00925714,4.96058,2.5627,0.126034,0.14606,0.0649766,4.77776,0.0112346
384.031,0.881725,0.000931468,10,1023,0,-375.169,0.0389814,0.0112331,0.0658496,0.0512325,13.9176,0.203062,0.122595,0.00322887,0.819449,0.00873704,4.03204,2.69023,0.120786,0.153895,0.0643307,4.70141,0.0136065
385.223,0.951428,0.000931468,10,1023,0,-378.385,0.0390647,0.0116642,0.0648186,0.0550213,13.1316,0.209675,0.116953,0.00311532,0.609306,0.00904133,4.26966,2.43063,0.119986,0.144054,0.0619306,4.77557,0.0269276
387.226,0.975829,0.000931468,10,1023,0,-378.851,0.0390836,0.0130182,0.0666835,0.0540846,10.1802,0.19637,0.109334,0.00359423,0.745844,0.00881614,4.66547,2.5245,0.136754,0.131315,0.064863,4.85733,0.0175485
386.384,0.943845,0.000931468,10,1023,0,-380.417,0.0393132,0.0105276,0.0670168,0.0607117,10.4958,0.127755,0.0915672,0.00367984,0.739935,0.00888598,5.37683,2.10397,0.122303,0.141542,0.0644934,4.92427,0.0267665
382.552,0.992569,0.000931468,10,1023,0,-378.956,0.0396676,0.0102581,0.0672849,0.059045,9.93446,0.133088,0.0886433,0.00356654,0.735508,0.00864685,4.94197,2.08267,0.122684,0.142248,0.0645682,4.90327,0.026358
388.435,0.999861,0.000931468,10,1023,0,-372.95,0.0410207,0.0151722,0.060338,0.0589701,10.5128,0.122529,0.103057,0.0047075,0.828665,0.00811293,10.6682,2.50343,0.13304,0.133273,0.0646869,4.89815,0.0116374
387.806,0.941486,0.000931468,10,1023,0,-376.123,0.0423256,0.0134493,0.061922,0.0578173,10.2668,0.1358,0.103928,0.00507512,0.831058,0.00898102,7.34128,2.51448,0.134497,0.131598,0.0655847,4.9577,0.013439
387.895,0.971633,0.000931468,10,1023,0,-378.929,0.042367,0.0136973,0.0615951,0.0584687,10.3863,0.138119,0.103594,0.00501563,0.825693,0.00891948,7.52398,2.54606,0.135769,0.130018,0.0659097,4.97692,0.0155617
386.392,0.976861,0.000931468,10,1023,0,-374.58,0.0421435,0.0133587,0.0601931,0.0569238,10.241,0.129741,0.108318,0.0054851,0.79447,0.00869046,7.39488,2.5509,0.133329,0.134234,0.0659883,4.92643,0.014395
384.939,0.999914,0.000931468,10,1023,0,-378.67,0.0408744,0.0097463,0.0559933,0.0574481,11.2449,0.0876857,0.121263,0.00617939,0.949869,0.00950033,6.05854,2.61456,0.13076,0.138813,0.0663358,4.92208,0.00722414
385.219,0.962809,0.000931468,10,1023,0,-375.707,0.0408701,0.00976871,0.0560384,0.0575022,11.2184,0.087711,0.121296,0.00616141,0.95069,0.00950088,6.06997,2.60788,0.130841,0.138589,0.0663507,4.92213,0.00716111
387.767,0.941238,0.000931468,10,1023,0,-378.396,0.0395339,0.00934252,0.0557751,0.0580212,11.8774,0.0863622,0.117152,0.00555181,0.906456,0.00857312,5.98466,2.73533,0.13053,0.141062,0.0664902,4.88101,0.00611776
386.972,0.881808,0.000931468,10,1023,0,-377.349,0.0397732,0.00966551,0.0549894,0.0578605,12.0806,0.0961789,0.11719,0.00555302,0.878437,0.0087394,6.04206,2.66711,0.130153,0.141938,0.0667498,4.88414,0.00640364
386.843,0.989516,0.000931468,10,1023,0,-378.473,0.0383359,0.0114739,0.057647,0.0577847,11.6272,0.091784,0.115267,0.00571207,0.84582,0.00914828,8.48691,2.43892,0.119893,0.150215,0.0661256,4.92438,0.00363669
389.108,0.994171,0.000931468,10,1023,0,-381.374,0.0392967,0.0101325,0.0551982,0.0577254,16.1988,0.0906487,0.112771,0.00576143,0.853916,0.00883251,10.7014,2.24898,0.120313,0.151095,0.066328,4.9076,0.00410992
389.233,0.973995,0.000931468,10,1023,0,-384.002,0.0383477,0.0105658,0.0514041,0.0596235,16.1953,0.119246,0.12218,0.005105,0.884259,0.00898895,9.49119,2.10484,0.1231,0.146629,0.0659878,4.90688,0.00613175
390.263,0.955658,0.000931468,10,1023,0,-383.828,0.0379563,0.00999558,0.0513789,0.0602447,17.0446,0.107277,0.123868,0.00462792,0.9007,0.00888468,9.62126,2.22952,0.129531,0.141236,0.0662198,4.88855,0.00405074
391.057,0.948632,0.000931468,10,1023,0,-388.239,0.0383381,0.00983006,0.0517333,0.061501,15.8908,0.102954,0.122139,0.00442133,0.81809,0.00857268,9.12642,2.19279,0.129519,0.137959,0.0656781,4.9415,0.0042167
388.489,0.930244,0.000931468,10,1023,0,-380.65,0.0377464,0.00652581,0.0519439,0.0666827,13.1938,0.0797192,0.111166,0.00454529,0.859626,0.00857808,3.79974,2.39089,0.118887,0.15299,0.0662748,4.90836,0.00127043
387.92,0.997673,0.000931468,10,1023,0,-378.997,0.0386865,0.00580911,0.0506151,0.0645474,14.7188,0.0774333,0.110115,0.00505602,0.705452,0.00847949,3.64757,2.23194,0.10718,0.172591,0.067515,4.89602,0.00101785
385.311,0.992595,0.000931468,10,1023,0,-375.729,0.0393449,0.00397498,0.0552376,0.0625353,19.3627,0.0955921,0.103833,0.00520611,0.767468,0.00786035,1.95847,2.10335,0.106888,0.164888,0.0663748,5.00151,0.00233956
387.781,0.947478,0.000931468,10,1023,0,-381.247,0.040602,0.0060383,0.0503734,0.0640729,15.5013,0.102124,0.107824,0.00481747,0.863921,0.00763027,3.63515,2.01908,0.105814,0.176525,0.0686679,4.93631,0.00229244
388.678,0.965132,0.000931468,10,1023,0,-383.875,0.0405609,0.00587083,0.0500977,0.0639032,14.4325,0.0993349,0.109879,0.00472673,0.845971,0.00777133,3.43356,1.93526,0.109935,0.168171,0.0683626,4.95716,0.00305237
387.168,0.885551,0.000931468,10,1023,0,-375.794,0.0383646,0.00634828,0.0500721,0.0620487,13.4359,0.0945106,0.108217,0.00571699,1.0976,0.00823189,4.31376,1.81176,0.11375,0.163655,0.069319,4.98813,0.0035186
386.627,0.999281,0.000931468,10,1023,0,-380.692,0.0403633,0.00708508,0.0551271,0.0591643,10.5876,0.0662928,0.116772,0.00523494,0.850589,0.00975227,4.64853,2.18769,0.118475,0.155313,0.0683395,4.96768,0.0019899
384.932,0.768238,0.000931468,10,1023,0,-377.805,0.0404509,0.008903,0.0568805,0.0578475,11.1598,0.0783512,0.112678,0.00479041,0.827225,0.00948272,6.51932,2.25709,0.122286,0.152946,0.0670703,4.85755,0.00221567
388.436,0.999376,0.000931468,10,1023,0,-377.291,0.0415699,0.00789227,0.0560958,0.0620963,10.5753,0.0718913,0.0989342,0.00504031,0.964366,0.0083995,5.42003,2.19155,0.113039,0.164722,0.0658094,4.78616,0.00421664
386.757,0.999615,0.000931468,10,1023,0,-379.762,0.0428088,0.00779548,0.0557276,0.0629528,10.2657,0.0723182,0.0969287,0.00540493,1.00526,0.00845713,4.99437,2.21177,0.110826,0.167462,0.0653388,4.7696,0.00293848
385.842,0.98443,0.000931468,10,1023,0,-380.01,0.0424874,0.00939029,0.0542742,0.0624815,13.8749,0.0671624,0.101732,0.004752,0.816453,0.00896905,10.5669,2.05068,0.105548,0.175401,0.0636709,4.67725,0.00613253
383.768,0.999449,0.000931468,10,1023,0,-375.574,0.0421717,0.0121356,0.0546473,0.0645989,13.396,0.11896,0.0970944,0.00351983,1.07135,0.00909441,10.2058,1.87503,0.100078,0.190027,0.0629808,4.54055,0.00865281
384.856,0.998807,0.000931468,10,1023,0,-378.589,0.043368,0.0100071,0.0605578,0.0608123,16.5176,0.109237,0.0976474,0.00355167,1.01726,0.00915473,8.52992,2.0154,0.0974337,0.191726,0.0634409,4.60872,0.0142631
380.816,0.953441,0.000931468,10,1023,0,-371.469,0.0423856,0.00768377,0.0607374,0.0588774,15.2753,0.117969,0.0939463,0.003641,1.36726,0.00887018,5.32616,1.72316,0.0999521,0.185609,0.0629718,4.60626,0.014629
377.939,0.999782,0.000931468,10,1023,0,-371.447,0.0432858,0.00677407,0.0641622,0.0592546,17.6774,0.168293,0.089347,0.00339903,1.22807,0.00863996,3.21071,1.89942,0.109917,0.166656,0.062258,4.63216,0.00481084
383.361,0.754879,0.000931468,10,1023,0,-368.41,0.0397704,0.00818933,0.0645026,0.0586224,14.1897,0.160668,0.0905896,0.00393648,1.00232,0.00740912,3.70893,2.05414,0.111076,0.164275,0.0630756,4.69963,0.00350659
386.305,0.988043,0.000931468,10,1023,0,-377.785,0.0393541,0.00706919,0.0647911,0.0577959,13.1695,0.130176,0.0887995,0.0038701,0.909237,0.00804277,3.25792,2.0568,0.115818,0.159138,0.0633203,4.69393,0.00346289
384.078,0.970894,0.000931468,10,1023,0,-379.581,0.0384925,0.00671566,0.0645441,0.0548295,21.025,0.191386,0.0932443,0.00431838,0.779053,0.00848624,3.23986,1.9906,0.112154,0.162721,0.0628679,4.69113,0.00474229
385.124,0.994445,0.000931468,10,1023,0,-373.871,0.0414464,0.00611654,0.0619167,0.0519624,18.4203,0.205534,0.100678,0.00440518,0.68619,0.00886252,2.61968,1.83517,0.13184,0.137937,0.0644618,4.79391,0.0138755
385.786,0.987026,0.000931468,10,1023,0,-378.608,0.0417561,0.00681731,0.0637478,0.0516088,16.7243,0.182571,0.0999119,0.00426885,0.732201,0.00852152,3.23516,1.93324,0.135224,0.134708,0.0647714,4.82572,0.00955054
387.635,0.999782,0.000931468,10,1023,0,-374.394,0.0395755,0.00863253,0.0568627,0.0585083,20.1216,0.18877,0.112639,0.00423865,0.544746,0.00933315,4.82112,2.03656,0.111796,0.162714,0.0661706,4.87896,0.00441339
389.885,0.866954,0.000931468,10,1023,0,-379.285,0.0408285,0.0086766,0.0553796,0.0591434,14.9738,0.148723,0.114441,0.00426564,0.649763,0.00909226,4.70435,2.11794,0.121296,0.148159,0.0656963,4.90615,0.00554878
389.4,0.985609,0.000931468,10,1023,0,-384.942,0.0405943,0.00722963,0.0552403,0.0608321,20.1392,0.149677,0.110283,0.00415232,0.539883,0.00899094,4.29351,2.14851,0.120787,0.151828,0.0667137,4.89349,0.0064634
386.461,0.914715,0.000931468,10,1023,0,-379.135,0.0392997,0.00628579,0.0547412,0.0590775,19.9169,0.13922,0.107242,0.00429162,0.677617,0.00822113,3.79222,2.15777,0.125382,0.14695,0.0667111,4.89008,0.00507535
386.202,0.9831,0.000931468,10,1023,0,-376.409,0.0380953,0.00571938,0.0551863,0.0592962,21.2216,0.135425,0.1201,0.00433275,0.901857,0.00773199,3.06392,2.24149,0.113726,0.15425,0.065778,5.00509,0.00228174
389.15,0.985735,0.000931468,10,1023,0,-382.417,0.0382651,0.00626732,0.0560642,0.0597203,20.6534,0.132938,0.116,0.00398617,0.839905,0.00791654,3.86749,2.09712,0.115242,0.154404,0.0667574,5.01498,0.00207955
389.034,0.996411,0.000931468,10,1023,0,-382.365,0.0390465,0.0065582,0.0575015,0.0637711,21.2192,0.119679,0.111417,0.00369804,0.865737,0.00810036,4.16331,2.32027,0.113321,0.156628,0.0668608,5.02014,0.00429187
388.275,0.966194,0.000931468,10,1023,0,-382.365,0.03709,0.0074106,0.0592615,0.0607908,20.2648,0.167894,0.0961128,0.00394844,0.669788,0.00806805,4.77405,1.89277,0.117605,0.155157,0.069695,5.06844,0.006477
389.504,0.995344,0.000931468,10,1023,0,-383.839,0.037595,0.00698468,0.0589374,0.0590428,20.6302,0.165166,0.100072,0.00434667,0.726601,0.00836787,4.42261,1.85074,0.115342,0.15747,0.0698223,5.08288,0.0106421
384.07,0.998105,0.000931468,10,1023,0,-378.453,0.0368244,0.00691395,0.0573406,0.0577048,26.5676,0.238152,0.111261,0.00440022,0.541592,0.00876578,3.79013,1.87703,0.119332,0.1497,0.0701866,5.16181,0.010762
390.114,0.976014,0.000931468,10,1023,0,-378.542,0.0370073,0.00731303,0.0575852,0.0591795,16.0277,0.158123,0.110875,0.00447744,0.642703,0.00848043,3.42611,2.16434,0.122802,0.147876,0.070787,5.1531,0.00797031
386.519,0.947378,0.000931468,10,1023,0,-380.954,0.0361546,0.006043,0.0580987,0.0568376,18.3183,0.151301,0.114741,0.00438802,0.766718,0.00867786,2.90573,2.1086,0.12309,0.150544,0.0719685,5.13817,0.00736278
388.029,0.841516,0.000931468,10,1023,0,-377.575,0.036394,0.00604335,0.056453,0.0575709,17.0501,0.159052,0.117833,0.00410746,0.752361,0.00857608,2.64314,2.04036,0.120784,0.151071,0.0712664,5.14567,0.00972009
384.741,0.961598,0.000931468,10,1023,0,-373.554,0.0369631,0.00595852,0.0631067,0.0559305,19.3577,0.188809,0.123801,0.00319295,0.963046,0.00789605,2.08789,2.33891,0.120195,0.145833,0.0693785,5.22264,0.00349626
384.932,0.889298,0.000931468,10,1023,0,-379.595,0.0369687,0.00585399,0.0625645,0.0565759,20.2885,0.178375,0.125748,0.0030235,1.00582,0.00773935,2.24227,2.28768,0.118833,0.148523,0.0698662,5.22456,0.003363
383.942,0.96188,0.000931468,10,1023,0,-377.737,0.0375617,0.00522835,0.0642273,0.0576383,20.1327,0.172172,0.119817,0.00287187,1.2411,0.00834723,1.80345,2.32805,0.121523,0.149055,0.0712994,5.18835,0.00504761
386.913,0.976007,0.000931468,10,1023,0,-377.852,0.0380043,0.00684859,0.0651174,0.0575639,11.3402,0.127933,0.119672,0.00264364,1.18236,0.00840185,2.3178,2.34077,0.123722,0.145324,0.0706005,5.18436,0.00834541
388.035,0.999903,0.000931468,10,1023,0,-376.922,0.0373477,0.00868755,0.0672303,0.05542,6.83263,0.0588061,0.116226,0.00231339,0.742443,0.00841284,4.78625,2.27516,0.120581,0.14911,0.0679979,5.04096,0.00435603
383.305,0.879685,0.000931468,10,1023,0,-373.25,0.0386863,0.00888809,0.068888,0.0524187,3.44024,0.0763601,0.118356,0.00303277,0.676284,0.00825687,1.8606,2.56858,0.134121,0.133334,0.0684849,5.1154,0.00110247
382.851,0.871784,0.000931468,10,1023,0,-377.552,0.0380808,0.00804273,0.0696758,0.0519551,3.51234,0.10515,0.121702,0.00297204,0.635244,0.00883851,1.1,2.57946,0.136205,0.132986,0.0689063,5.087,0.00105712
# 
#  Elapsed Time: 1284.64 seconds (Warm-up)
#                1571.89 seconds (Sampling)
#                2856.53 seconds (Total)
# 
